17217.794
16960.096
17650.315
17206.930
17273.114
16533.148
15836.430
15306.542
14467.542
12781.220
13037.139
14825.384
16434.571
15767.288
15780.070
17238.037
17877.691
16661.802
15759.423
15146.647
16179.109
16996.694
17837.253
17203.210
15533.179
15603.880
16054.531
16394.975
16909.553
18279.717
18583.716
18847.782
18539.224
17503.243
16106.055
15761.771
15926.263
15487.236
15463.127
15119.573
14570.401
14523.006
15535.855
17809.655
17232.861
17752.076
17452.636
16808.728
16071.576
16673.606
17079.693
17358.623
17272.800
19115.610
19572.723
16512.408
15249.599
16034.903
16324.170
16370.562
16900.905
16092.964
17508.713
17259.222
18045.766
18297.788
18650.831
19506.231
18335.313
17252.324
18477.605
18322.932
16770.538
16837.036
16169.490
15761.067
16476.727
17163.474
16881.353
15058.461
14471.796
14708.046
15820.393
16776.538
16859.155
15563.746
14653.666
14948.375
15328.488
17743.099
18767.718
18623.937
18102.246
18626.119
18386.789
17838.832
14730.481
14269.496
16412.042
18664.975
17741.658
17508.609
17713.650
18264.484
18682.308
19820.729
20166.584
19067.566
19603.987
20720.036
20050.910
18059.507
18166.644
18574.804
19362.377
19022.264
19554.354
19875.591
20054.548
19952.124
19459.466
17611.446
18297.805
19548.772
17613.282
16246.710
17830.630
19613.050
19666.426
19058.047
17856.659
17317.766
16541.878
16929.510
17742.714
18486.585
19365.547
18305.947
16669.710
16571.498
16591.999
15883.651
15186.372
15455.779
16113.848
16376.382
15530.764
15018.422
14822.574
14972.756
16255.081
15246.751
14999.472
15657.722
15384.094
15344.472
15894.023
16324.239
15851.341
14238.846
15451.036
15419.927
16090.621
15545.804
15462.434
16502.070
15806.059
14758.943
14616.275
15151.427
16243.460
16773.907
17047.001
16134.894
15966.300
15744.001
14648.591
14385.700
15318.764
15401.753
14979.364
15870.851
14586.067
14520.617
15519.761
15638.760
16646.192
16388.358
15722.683
17432.171
16828.191
16861.342
16903.980
17730.865
16992.616
15892.225
15977.475
16624.191
16131.825
16820.681
16205.746
15512.318
15599.314
15905.811
16126.551
16073.787
16943.177
15612.436
15083.544
14613.765
14613.369
14844.259
16022.688
16221.057
17643.089
18968.443
17453.671
17266.082
16712.498
16656.482
17353.525
18308.464
18277.919
17246.111
17227.779
16811.372
15851.206
15768.390
15822.114
15778.293
16233.842
16754.399
16431.305
17714.854
17540.655
17300.619
16988.220
15660.634
16241.911
15697.352
15811.730
17106.200
18101.576
17871.035
18416.750
19573.420
18989.634
18574.789
17599.008
18986.008
20026.835
18971.861
17110.106
16173.740
15743.788
16589.187
19087.911
20437.638
21271.195
20217.788
17884.929
18117.234
19282.364
20158.675
18978.447
19175.944
19258.980
18463.251
19244.046
18882.668
17283.741
17432.967
18194.128
19753.047
20715.446
19939.673
19115.606
18645.431
19032.538
20463.309
20794.939
21242.402
20583.873
18451.985
18487.502
19660.474
20060.840
19850.036
18862.424
20063.686
20467.708
21082.427
20666.837
20702.800
19167.138
19082.178
19439.274
19614.016
19867.250
20172.245
19058.715
19368.420
20236.086
20955.529
19778.619
19971.166
20186.230
20554.489
19804.741
19479.656
19167.555
17934.691
17877.616
19379.402
20322.376
20327.071
19392.645
18727.210
17752.576
16919.487
17945.244
17939.647
17523.537
16054.223
15969.184
15345.905
16848.920
16021.107
18250.853
19458.181
18950.139
18609.595
19300.911
19046.515
19048.295
18199.015
16884.586
17115.155
17224.581
15488.430
16959.740
17675.101
17163.795
16416.159
15995.238
16259.237
16691.048
17362.856
18385.941
17994.142
18021.318
16629.627
16216.618
15834.789
17563.260
17858.363
19260.707
18866.613
19408.960
19010.300
17467.888
16948.835
16118.916
17098.804
17517.696
