17859.019
17514.505
16208.326
16731.881
17340.957
17287.302
16020.539
17059.315
17266.647
18622.164
18164.396
18230.851
19371.367
18893.641
17579.203
16939.174
17766.200
19380.498
19131.061
18469.707
17854.092
18236.816
16944.062
16450.895
16137.456
17354.689
18642.955
17234.290
17259.673
16592.654
15890.787
15517.208
15569.157
13612.974
13015.896
14894.181
15029.382
15516.537
14902.596
14122.210
13680.185
13431.613
14921.704
14767.035
15560.048
16133.605
16131.436
16412.022
18305.584
17769.045
16477.123
14963.675
15629.995
17447.633
16916.928
14967.269
15658.468
15787.818
15876.261
17051.097
17432.374
18278.860
18270.481
17953.435
18305.678
17503.330
16918.900
16427.862
17561.201
15970.749
14223.474
14242.270
15071.475
17120.044
16503.641
17179.387
18234.323
17952.461
16929.186
17922.287
18261.243
18029.431
18157.002
17590.354
18101.699
19232.049
19583.661
19707.380
18392.411
17895.749
16700.467
16132.715
17519.992
17488.251
18886.398
19147.215
17686.290
16164.984
16747.363
18075.576
18575.514
18271.013
17888.104
17877.652
17358.448
16934.765
17452.764
17235.927
17674.076
18078.713
17594.197
18533.687
18328.937
18151.766
17195.201
15925.354
16062.227
17046.442
17784.495
18568.752
17941.196
17334.843
17752.995
18856.220
19256.393
19052.796
17088.887
17959.923
17986.654
17222.298
17490.904
17723.969
17705.928
16874.829
17269.694
17225.680
17698.164
17549.655
17602.890
18718.620
19282.686
18021.307
17633.418
17291.113
17530.615
17212.958
17073.249
17249.703
18289.650
18515.635
19812.825
18350.740
18156.441
17999.993
18459.797
18375.497
17375.434
17777.124
18741.417
18344.505
19164.217
18722.583
17263.907
16336.338
16404.157
16699.689
16344.934
15669.523
15449.542
15153.252
14258.145
14488.039
14650.194
15540.418
14977.598
15317.474
16443.410
14402.632
15020.022
14337.617
14107.656
14368.050
15807.510
16875.807
17141.242
16280.491
16174.859
15869.588
14960.436
13805.551
14223.636
15211.373
15581.492
15004.525
15484.321
16529.844
16239.371
17000.844
16621.796
15864.888
15425.191
15396.401
16080.954
15804.945
15634.631
16376.097
17262.227
15829.782
14761.357
15170.745
15577.729
16204.660
16906.110
17394.845
16809.233
16697.713
16492.324
16522.794
16273.452
16230.239
15385.775
16010.914
15359.957
15448.784
16936.214
16514.696
16804.392
17513.986
17518.725
16907.490
15755.071
16606.182
16727.749
17835.241
18398.512
16937.726
16313.401
16025.373
15697.722
15598.824
15742.786
16673.130
18034.396
19493.520
19223.429
17772.670
16070.356
15300.601
14095.714
14491.898
16025.732
16567.240
16480.384
16672.560
16983.915
16229.099
17230.494
17120.188
18022.164
18593.374
19636.687
18588.789
18456.313
20291.240
20767.279
20894.494
18679.113
18650.218
19806.195
19154.593
19273.896
20832.621
20996.828
20717.632
19790.361
18359.672
17393.690
16724.323
16296.011
16023.964
18167.217
19533.364
19224.560
18374.394
18628.262
19186.807
19077.298
19511.228
18004.323
19051.569
20078.237
20236.947
20726.381
20316.088
20175.381
18319.570
18853.048
18334.320
19058.660
18081.383
17088.431
15988.278
15593.048
16841.535
18107.679
17356.895
18235.569
18405.819
18907.221
20377.957
20301.166
19058.875
19304.851
20800.793
19776.409
18883.071
18355.432
19821.026
19208.271
19364.151
17987.088
18083.847
18172.445
17585.866
16995.759
17433.862
17538.523
17587.886
16727.809
18522.868
19673.147
19005.094
19229.657
18234.155
17877.542
19095.222
19759.961
19759.616
18963.067
19171.899
19286.105
19798.313
19440.998
19558.826
18284.956
18440.736
18917.232
18780.475
18229.036
17901.347
18929.798
19794.516
19601.124
18867.886
17801.540
16951.902
16581.378
16734.755
18119.388
17130.924
16798.316
16442.518
15894.603
15910.853
15921.217
