19559.105
20277.266
20134.579
20052.845
19840.908
19164.394
19700.590
17149.336
16668.619
17050.231
16971.809
18340.758
18871.158
17404.456
18481.593
20726.586
20210.427
20069.803
21474.097
20973.602
20529.252
21274.305
20125.693
19846.541
18408.887
18468.683
18133.088
18741.523
17913.156
17117.723
16980.118
16688.009
17819.000
19447.559
17610.976
17816.780
17990.625
17703.081
17935.985
17349.619
17061.979
18193.214
18727.922
19028.138
19575.763
18679.451
16532.704
17150.567
16945.902
17294.336
18341.831
18355.855
18658.433
18126.469
16097.192
15223.527
15374.198
15225.658
15661.543
16495.236
17675.334
18576.601
16796.396
16699.500
16127.176
15256.422
15669.216
17374.155
19433.982
20389.975
20903.128
20617.228
20321.524
21079.878
21027.424
20372.870
18700.568
18490.901
17697.563
17889.360
18635.238
19880.416
20596.935
20242.716
18494.292
18332.052
19284.832
21391.729
19950.075
19808.807
19084.176
19722.850
19788.454
19937.081
19665.110
18775.024
17103.302
18167.884
17655.022
17237.101
17607.751
18778.872
19190.724
18276.615
19204.017
18533.417
17744.681
16324.094
16530.253
16265.687
15462.212
15209.596
14995.954
15142.426
16169.119
16584.949
17252.284
17720.119
17358.112
16888.462
16691.616
15503.722
14623.555
15703.582
17967.662
17969.045
18079.372
16568.032
16496.116
17565.655
16287.315
15862.326
16329.052
15788.605
16076.739
16639.057
15286.368
16154.025
17296.780
17583.663
16447.580
16308.884
16152.780
15904.475
16168.363
17272.855
17461.498
16963.722
16403.289
18389.499
19023.446
18040.968
17411.701
16777.166
15744.537
15471.049
15127.102
15807.821
15056.218
15604.333
15266.099
16110.455
15215.128
16226.852
15955.707
16366.724
17222.388
17434.941
18122.725
18440.638
18226.216
18125.159
17659.241
17165.703
16821.642
17790.371
18685.927
17131.861
17616.420
17113.524
16802.767
16792.467
15879.241
14729.563
14829.332
15309.037
15677.583
16255.845
16077.309
16551.753
15956.257
15357.972
15275.173
15240.992
14937.029
15110.614
14989.385
15354.961
15854.517
15960.478
16307.883
15163.938
15241.094
16120.944
16048.762
15662.741
14752.937
15607.638
16859.966
17637.090
17265.144
16165.454
15006.467
14242.165
15244.662
15880.063
16344.965
16936.032
17008.682
16734.269
15373.310
13589.451
14740.267
15352.611
15138.852
15422.434
15481.728
16401.862
15926.990
17439.436
17800.850
18054.452
16986.108
17310.526
17941.025
18079.979
18703.706
18089.522
18740.218
18299.006
16903.545
15912.641
16754.133
16718.589
16164.342
18107.940
19583.081
19539.118
18934.667
17403.414
17151.140
16668.870
16131.570
18060.992
19723.188
22004.843
21080.430
20205.097
19991.753
19782.094
19397.727
19744.033
19546.505
19176.748
19376.711
17510.096
18164.661
19515.147
19905.271
20651.518
19157.034
18658.927
19243.042
17911.987
17804.900
17750.528
17921.890
18821.285
18833.753
18407.135
17167.552
16723.408
16413.619
16771.708
18849.145
19057.476
18941.078
17247.095
17074.203
18491.747
19915.758
20170.522
20056.109
19322.489
18616.394
18318.299
17571.210
16916.568
16864.531
18726.329
20045.993
19738.672
21741.786
23942.796
23230.794
22289.318
23430.861
21719.001
21672.150
22062.835
22871.548
21689.586
20720.141
20297.821
19390.455
19478.238
19215.635
20318.450
22200.764
21074.887
20484.079
20323.973
20856.116
20481.849
20294.001
20357.157
19349.226
18704.935
18305.442
18704.888
21025.532
20838.867
19042.849
17030.708
16622.848
15885.759
17433.088
18661.653
18397.339
17631.982
16806.211
16376.917
16766.015
17798.999
19941.698
18759.673
17254.206
16347.770
15113.080
15370.382
16710.825
17185.252
17950.929
18984.395
19241.673
19636.911
20058.827
20656.011
19483.896
17213.530
16643.076
17276.804
16991.025
16889.270
17183.261
