14839.070
15535.737
15090.484
15491.411
15460.332
16472.116
18148.986
18868.861
17081.712
16488.582
16983.764
17015.203
16168.857
16764.835
16569.540
17444.631
17913.378
18772.945
18280.780
18048.050
17280.362
17747.977
15772.046
15577.668
17341.840
17990.895
17526.685
16358.511
14589.247
16185.645
18123.757
17791.362
17210.353
17334.412
16266.498
14964.541
15748.028
16567.775
17369.747
16182.780
15586.405
15952.612
15185.158
16059.497
16503.679
15760.512
16253.357
16487.793
18197.122
19395.667
18084.360
17169.676
16471.612
16291.375
15329.150
13610.709
13892.265
15324.246
15028.849
17085.125
18843.799
19233.427
18101.731
18725.462
18591.429
17840.535
18208.086
17144.661
17884.182
18624.909
16937.703
16695.106
15775.929
14071.301
13607.663
13287.484
14697.148
14929.749
15826.853
16476.557
18205.398
16643.817
15078.646
15447.402
15161.809
17812.232
18693.537
18491.283
19586.850
21160.578
21153.506
19540.475
18164.015
17923.040
18502.669
18052.356
17100.483
17131.545
16931.599
16533.860
16422.375
16889.868
17149.721
16249.408
17954.808
19056.197
17934.053
16562.871
16669.620
17455.568
17815.527
17469.317
17170.644
16575.952
16588.269
16875.261
17166.871
17057.753
17009.974
17856.960
18372.497
20040.758
20087.300
18872.148
19169.562
18502.638
18444.203
16657.650
16547.247
17131.294
17656.569
16808.590
15706.913
15201.970
14464.266
13973.801
13815.940
14032.777
15289.137
15549.232
15656.612
16523.831
16478.048
16270.981
16448.537
15906.154
16762.692
16541.380
16759.771
16886.417
17017.975
16739.508
15982.897
15584.569
16041.664
16386.703
16314.955
15987.785
15269.820
14575.903
14961.553
16162.932
15906.538
15910.436
15386.945
15509.153
16431.250
17315.119
18008.513
18968.592
19234.035
17933.434
17947.526
18587.388
17785.920
17455.430
17260.451
17693.614
16288.949
14409.295
13866.777
14662.963
14628.101
14711.848
14309.823
13834.049
13662.281
13562.250
13294.450
13800.421
15252.720
16044.468
16121.810
14402.214
14611.390
15231.143
14222.285
13621.111
13722.763
13393.167
13541.178
14721.943
14909.759
14818.357
15749.699
15723.186
15811.730
15938.398
13819.128
13485.824
13764.443
14748.403
13656.189
13386.185
13800.991
13727.548
13366.128
13667.118
13074.440
12898.678
14136.680
14983.362
16539.078
17455.203
16889.305
16442.827
16941.956
16329.559
15674.857
16041.261
16405.264
17288.053
18021.868
16703.175
15651.528
16429.593
17522.437
18051.526
17423.967
16689.546
15968.812
16144.914
17424.361
18764.532
17557.220
15543.675
16352.934
18044.170
18553.039
18276.400
17570.575
17476.646
19058.513
19340.573
19905.194
19008.467
19761.427
18360.967
17765.007
16251.479
17133.720
17917.312
17940.128
18978.481
20263.724
19303.237
18675.724
19392.224
18975.025
17418.925
16507.017
15464.161
16842.084
16513.403
16161.033
16166.022
15125.745
15278.144
16703.622
17094.068
16340.858
17504.875
18423.249
19346.995
18338.697
16649.207
16461.350
16549.859
18375.053
19596.001
18471.309
17278.067
18403.284
19116.282
19337.263
19599.222
20023.751
21686.731
23964.138
25163.979
23643.170
22865.236
21185.308
20301.191
20110.752
19833.550
19038.261
19073.964
18774.000
18469.611
18499.451
17873.736
17995.519
18564.355
18034.825
17517.836
17814.212
19143.868
20038.834
21215.051
21406.078
23605.766
23234.225
20643.478
20889.080
20981.265
23557.540
24260.957
22055.416
20806.534
21546.790
22115.128
22285.624
21353.827
20025.785
19587.274
18410.259
17260.113
16874.494
17084.984
18283.043
17365.540
16068.062
16738.342
16900.998
17634.234
17713.692
18588.886
18449.815
18503.423
18266.372
18190.994
17687.737
18741.459
19515.110
19751.601
19480.194
18929.198
18454.936
18176.290
18064.875
19126.622
19170.873
19351.986
18763.800
