15924.503
15027.154
14649.145
15156.566
16176.410
17545.637
16300.825
13708.767
13942.307
14676.625
14634.078
16082.529
17495.877
16800.303
16971.847
17284.491
15831.622
16142.971
16764.544
16876.328
15017.654
14686.465
15107.215
14399.723
15329.373
17079.631
17045.381
15774.136
15135.779
16099.280
17431.066
18115.809
18400.718
19365.810
20239.832
21432.800
20218.708
18444.937
18144.336
17396.264
17006.348
18445.964
20589.004
20484.759
18011.759
16999.153
17465.926
17978.754
18350.147
16522.705
18162.282
19475.213
17710.284
16121.901
16596.985
18779.753
18246.464
17090.665
17392.382
17053.338
17145.197
16387.551
16596.394
17042.185
18133.746
18687.768
18944.176
18110.350
18822.321
18099.517
17228.115
15465.904
15739.279
14941.278
16672.839
16285.912
16428.206
16615.821
15780.400
16755.218
18737.550
18022.825
16892.864
16447.383
16378.367
16038.841
14394.846
15340.619
17475.290
17997.765
17519.101
17886.212
18166.615
19523.056
21209.163
20614.396
19454.844
18243.438
16625.070
16865.459
18392.240
18770.503
18219.832
17692.262
17714.211
18371.377
18277.931
16117.753
15023.930
15495.059
14555.062
14680.016
15800.546
16423.267
16649.533
16405.320
15392.026
14919.030
14624.453
16336.120
16201.843
15909.639
15945.340
16838.456
16503.919
16324.343
15604.330
15467.242
15342.100
15470.430
15681.634
17106.092
17497.382
17456.565
17886.174
17702.279
17885.394
17239.382
16295.304
15675.401
15991.192
16422.866
16538.120
16295.840
16238.791
16699.580
18307.836
16792.581
16188.459
17170.146
16338.757
16237.198
15047.682
14425.297
15148.163
14305.571
13977.041
13940.643
13895.986
13611.109
13764.625
13430.947
12586.713
13937.284
14509.414
15155.743
16076.989
16300.955
17047.719
16256.896
15494.257
15295.991
14714.248
14557.782
15428.409
15792.104
16654.886
16362.095
16203.769
15936.273
17022.492
17456.670
16566.042
16185.129
14085.530
15244.801
15031.665
14862.837
15281.580
15814.183
15616.688
15703.440
14923.759
14928.485
15981.071
17065.433
17180.851
17795.115
17105.561
16359.809
16677.005
15716.990
15869.709
16554.045
16058.807
16043.151
16271.514
16260.408
15982.993
15806.690
14774.155
14784.708
15491.515
14598.751
14922.471
15201.244
14802.809
15346.779
14875.001
15238.949
15479.621
15926.062
15594.774
15342.701
16140.091
15787.852
15421.578
17172.275
17401.813
18888.213
19223.454
18594.972
18127.833
19422.904
18935.320
18325.076
17288.572
17179.183
17550.822
18448.902
19540.314
18989.881
19761.049
19016.956
19928.252
20996.802
21616.502
21993.133
22096.114
21753.041
20637.122
21095.265
21116.384
20371.843
19187.674
18844.731
18557.808
19151.131
19554.226
19513.697
20511.418
19940.937
19545.112
20744.296
20551.343
21094.329
21918.399
20476.611
17329.273
18692.005
20031.071
19862.940
20159.649
19600.967
21022.642
20718.463
20266.185
20546.317
20145.730
20294.543
19476.737
20342.618
18496.792
17972.521
18821.271
19193.617
19896.634
20783.153
20358.376
20321.334
19833.206
18889.632
18714.909
18351.683
20546.767
19500.153
17794.115
18215.241
19195.751
18664.257
17692.661
17378.794
19171.615
18127.151
18138.895
19059.485
18725.053
19592.866
19509.247
20122.395
18913.898
20375.218
21666.152
21617.328
21884.413
21028.023
19833.201
17066.533
17390.196
18397.549
18815.326
18955.701
18285.216
19061.498
19277.161
20904.383
21864.797
21593.005
21187.653
22541.992
21734.149
19922.481
19714.275
21998.671
22475.347
23178.694
21833.952
21063.166
21965.328
21738.250
20102.847
19488.725
19677.900
19607.258
20000.457
20202.647
18350.604
18520.680
18405.142
19125.247
17746.441
17451.706
19865.144
20682.495
19188.037
18821.859
18563.307
19935.598
19290.909
18236.787
18163.374
17949.812
17909.364
17128.778
16599.300
