17698.926
17456.133
16469.466
16000.994
14147.401
14562.252
16563.836
16829.562
16890.237
18135.588
18589.574
17630.762
16914.621
17264.768
16002.308
16279.773
15588.570
16429.648
17308.381
16140.124
16069.879
15216.103
15233.032
15895.015
15553.159
16107.220
16488.169
16302.889
16456.134
14943.156
14173.089
14794.063
15991.823
17831.303
18987.537
19901.409
19846.815
19636.026
19089.366
18885.854
18591.135
18531.074
18734.675
19122.542
18881.370
19144.199
20947.028
19776.671
19435.314
18164.275
18864.771
17537.216
18205.281
17471.432
17260.544
16343.958
16757.591
15622.969
15848.720
16359.240
16973.715
15722.614
16097.063
15791.786
15232.744
16337.616
18384.588
18852.671
18207.277
17915.811
16805.045
17268.623
17324.910
16948.712
15783.880
16024.855
16157.119
14611.968
13205.196
12743.515
13368.392
15274.322
15076.544
15351.596
15837.141
14918.199
14781.174
15222.475
14072.585
14176.988
13685.534
13879.074
14215.908
14198.699
14330.817
14673.023
14340.924
14010.933
13486.777
12700.159
13631.354
15287.268
16914.523
16302.966
15946.676
16986.243
16351.408
15889.759
15142.502
15405.583
15889.694
14682.854
13954.470
15821.720
16330.133
16663.946
16590.936
16924.906
16229.555
16985.307
18055.583
16330.823
15978.483
14151.263
13593.315
13626.733
13998.717
14035.848
14409.639
14569.795
16065.981
16903.728
15568.706
14303.208
14344.203
14716.465
16534.159
15868.690
14267.628
13944.205
14420.208
13544.696
14567.880
15631.595
17264.801
16475.344
17350.283
17039.848
17036.548
18367.348
17351.920
16877.354
16624.656
16397.329
16108.280
15528.101
15854.682
17439.254
18555.186
17335.314
15139.765
14708.383
15730.999
16296.185
15068.356
14246.932
13131.765
13112.776
13544.181
14378.731
14968.470
14678.824
14983.755
15461.535
15253.369
15469.503
17116.141
17534.435
17305.597
17986.256
18231.807
17977.708
16507.318
15809.655
15223.763
15638.142
15831.801
15955.344
14494.156
14118.404
14072.952
14621.061
15535.967
16810.262
18114.905
17687.974
15619.047
15456.467
14936.616
14457.436
14634.899
15385.652
15758.171
15549.846
16376.154
16184.371
15005.343
16014.281
16396.370
16284.231
16109.578
16926.517
17009.033
17664.465
18467.825
18486.825
17366.355
17146.453
18119.316
18952.270
17091.739
16445.227
16538.832
16555.772
16571.946
15608.798
15267.198
15106.150
14969.643
15396.104
16746.001
17970.029
18392.291
17925.022
17042.539
17492.890
18541.231
18139.367
18154.737
17788.538
17657.884
16959.861
18004.128
17241.793
17320.447
18030.843
17495.302
17245.295
17315.555
16646.040
16068.938
17122.437
16122.646
15647.913
14905.710
15329.933
15752.483
15784.316
15815.024
16186.078
16198.949
16193.817
16704.948
16385.767
17308.230
17637.676
18734.087
17968.829
18744.113
18556.316
19411.843
21410.664
21671.027
21872.378
21583.347
20801.137
18304.361
17669.916
17525.891
18210.936
19001.252
19275.996
20449.354
18798.142
18662.000
18575.484
18137.622
17197.429
18189.124
19196.547
18816.646
18605.551
18111.083
19207.539
20206.095
19737.641
19517.275
19330.324
19471.805
21303.603
21280.132
18400.204
18617.473
17865.038
16590.789
17696.246
18286.533
20329.612
21328.948
20277.995
20099.861
21462.785
23892.766
24153.807
21908.046
18488.495
18203.772
18763.526
18193.243
18601.938
18353.259
19627.337
18617.427
18321.904
16264.626
15280.696
14743.731
15577.094
16003.851
15593.399
16549.315
15916.340
17606.961
18142.784
17029.019
18094.120
17460.769
16177.833
16488.918
18048.815
17631.320
17846.603
21093.468
21297.183
18490.338
16965.649
18236.543
18044.203
18846.054
19971.809
19385.357
19334.962
19356.008
20797.672
21252.780
19792.685
18608.207
19095.330
20204.797
18728.933
18881.069
19101.589
18977.516
19134.395
18465.804
17470.950
