17553.729
17429.945
16235.964
17240.029
18604.252
19645.886
21165.793
19946.475
18697.135
17037.449
17864.130
19033.142
18980.390
19078.867
19983.797
18080.236
16837.265
17463.944
18030.313
16445.238
16299.618
17090.041
18436.347
18009.953
17106.142
16216.159
17254.540
17856.243
17280.693
17336.086
17160.261
18272.067
16402.257
16155.447
17328.891
17814.499
17843.923
18495.346
17809.832
19158.485
18546.831
16967.298
15786.114
17179.370
17573.068
16774.458
15645.546
15678.858
15680.073
17048.065
16576.665
17296.498
17362.152
16784.257
17608.166
17406.639
17431.220
16321.675
16811.140
16790.822
16537.400
15709.112
17348.213
18639.172
18443.416
19866.531
21583.816
21886.089
21063.350
20149.950
18954.593
17444.790
17841.469
17177.112
16424.850
16261.488
15288.537
15420.561
15678.964
16842.633
17621.325
17170.256
17111.171
15922.682
18948.900
20723.296
20268.438
20808.725
20044.433
20071.389
17970.097
17060.562
16774.503
16745.608
17552.304
18197.931
19085.543
18973.291
18298.617
18692.213
19775.100
18882.273
17230.645
17612.839
17012.260
17125.895
17287.919
17101.706
15873.961
16105.230
17607.813
17880.797
18363.801
17290.109
15834.505
16678.974
17853.200
19645.591
20084.777
18834.866
16770.376
17336.456
17567.171
16783.070
16074.873
15944.393
16009.285
16234.466
15320.096
14605.363
13916.262
15193.269
15408.138
15075.168
15235.960
15160.255
15487.870
15514.705
15799.878
16157.814
16650.224
16919.378
17466.293
17822.927
18535.942
19010.397
17871.758
17147.958
16368.448
15711.069
16750.820
18130.224
18053.159
16339.063
16696.135
16218.786
15875.074
14734.641
14643.194
15581.784
15993.327
15735.721
13644.233
13204.721
14690.160
15517.235
16006.820
15773.262
14956.326
14617.067
13949.021
13240.335
12626.763
13556.242
13886.533
13560.054
14725.433
15878.220
15350.260
15685.843
15601.581
15893.160
16776.384
18671.797
17536.090
17577.628
18096.077
17914.164
17789.996
15515.152
15450.474
16436.379
15599.794
15146.294
15105.003
15007.798
15538.134
16169.151
15591.754
15201.236
14797.984
14838.301
13967.271
14635.101
14520.892
14846.154
13485.751
12271.605
13315.229
14531.696
15486.327
15764.229
15367.750
15965.416
16522.601
15937.023
16171.161
15698.104
15951.238
16772.651
17150.724
17569.633
18104.502
18975.012
17806.354
18681.931
18163.916
18087.231
17181.138
18164.969
18659.786
16979.770
16047.304
17458.037
17638.604
17754.636
17906.028
18196.601
18638.643
18227.717
18429.503
19873.506
19849.964
19848.838
19652.170
19531.729
20343.463
21310.580
20930.303
20478.932
19242.102
19082.546
20212.898
20776.439
21775.160
20226.591
21194.295
19767.109
18285.934
17636.493
17561.393
17712.174
17178.675
17310.910
18302.172
19042.557
17421.888
17930.013
19090.466
20583.016
20708.787
19960.799
18155.316
18461.389
19106.382
20467.251
20215.375
19878.697
19321.150
18978.412
18913.146
18624.256
19072.181
19381.131
19571.367
20150.230
20705.757
19569.338
18843.049
19232.127
19606.509
19957.291
21149.803
20088.883
20737.243
19004.801
18000.120
19120.743
18965.043
19136.036
19634.015
18626.074
18438.590
19113.149
20059.604
20857.175
21147.360
21254.876
21405.278
19339.435
18820.620
20147.983
20306.489
21016.375
20308.662
19501.226
20741.039
21676.706
21300.505
20153.393
18550.122
17906.310
18363.845
18556.619
18492.341
19123.275
18809.795
18739.513
17909.909
18049.536
17844.772
17144.097
18710.749
18542.707
19436.049
18743.921
18807.642
18481.681
19050.308
19294.849
19208.898
20424.675
20586.758
19247.728
18714.412
18586.426
19660.023
19855.030
19938.857
20190.906
19951.812
20843.001
20743.230
19285.086
17342.742
17426.133
18626.901
20096.712
18778.095
17624.471
17770.884
19242.770
17807.584
18173.057
18051.522
