18995.618
18807.682
19131.629
20607.397
20644.329
19822.977
21372.144
19569.347
18587.992
18806.232
18546.243
18279.221
18254.557
18617.129
19081.079
19068.647
19401.804
18875.889
20120.163
20087.059
16966.866
16402.086
16733.275
17095.022
17472.076
16653.546
15609.351
15331.914
15979.259
15662.815
15763.781
16041.094
17615.954
17709.883
17000.860
16949.047
15124.672
15043.202
15643.838
16609.547
17750.960
18632.438
17563.190
16193.808
16554.048
16983.917
16190.137
15440.302
15795.168
16157.187
16370.974
15553.554
15930.660
15904.851
16058.612
15924.361
15316.324
15471.797
14533.084
14123.050
14299.400
15958.831
16528.271
18382.115
18531.626
16440.291
17062.239
16296.254
15903.351
17198.850
17232.164
17167.093
16862.887
16394.009
17300.120
17375.099
16943.072
16605.647
15549.362
15126.800
15152.440
15645.367
16774.083
17172.995
16713.553
16771.195
16572.153
16054.728
16236.363
17185.515
17682.459
17110.604
17734.659
17740.828
17621.237
18160.781
17976.720
18268.091
18802.117
18560.299
17632.974
17416.446
15951.805
15834.775
16153.863
16149.944
15519.229
15761.133
16562.115
15847.243
15580.194
14941.252
15101.750
15752.737
17032.813
17553.492
17364.933
16640.428
15285.931
15219.972
14764.014
14457.471
15471.175
16933.151
16515.894
16144.303
17451.567
16159.397
14883.733
14590.056
13849.362
14218.145
13884.575
13649.868
13612.804
13991.268
14606.611
14701.467
13344.877
13626.407
13182.650
13833.142
13580.508
14770.165
14468.057
15246.852
14805.717
15877.466
16071.659
16286.648
16278.433
16770.119
16248.862
17171.015
16981.008
16512.706
14930.264
14438.451
13595.628
14608.220
15220.036
15729.383
15440.274
15242.297
15144.917
14688.126
15959.574
16034.963
16533.633
16709.663
17602.570
16961.939
17213.728
16753.074
16547.093
16201.076
15675.166
15007.721
16425.821
16558.174
16981.996
16866.256
16477.547
16323.753
16101.213
16571.685
16059.979
15431.203
15872.318
15901.688
16182.584
17022.251
16194.017
15795.876
16208.652
16494.301
17708.701
16858.332
17783.554
16405.572
16563.434
15311.926
15587.986
15446.832
15079.317
14849.418
15234.698
15650.884
15837.538
15409.989
16167.613
15830.160
15728.871
15225.031
15142.158
17048.733
17996.768
18231.980
16057.626
14817.607
16705.433
16661.925
16405.932
15629.054
16769.504
16969.250
17091.071
17841.604
18224.260
18353.483
18085.945
18706.223
18607.844
17829.219
18814.269
18933.927
18822.624
18158.942
16900.428
17461.378
17769.677
17338.229
16629.471
15422.456
14906.066
14888.086
16348.749
18147.934
19010.853
20211.884
19141.751
17921.586
17547.097
18620.664
17598.507
18107.676
17017.576
17393.892
18485.821
18622.026
17769.855
16918.845
17081.584
17622.270
17472.402
18404.492
18647.303
18845.637
18256.711
18634.677
18938.167
21081.607
20253.332
18899.959
18477.744
17700.823
18227.366
19826.793
20036.831
20137.525
20465.220
21565.879
19614.839
17227.626
16949.982
18357.704
19213.143
21207.357
21783.231
20879.604
20439.456
20137.077
19725.105
20069.693
21034.426
20615.463
18264.229
19691.192
19166.429
18028.380
16304.150
16841.622
16388.199
18641.576
20272.669
20508.715
19391.244
17771.146
17366.733
17724.706
18332.162
19000.115
18985.455
20138.573
19911.882
18633.790
18839.482
18493.036
18019.890
18543.909
17082.651
17384.877
18549.760
19399.065
19162.013
19052.268
17580.864
16972.686
15728.023
15528.736
16890.617
16971.363
17605.762
18544.568
18073.639
17037.612
16291.732
15861.008
14306.679
13798.684
14954.754
16758.974
17512.031
18251.148
16571.882
15797.676
16423.521
16301.852
17098.591
16766.194
15486.053
15394.779
15388.798
15611.791
15270.704
15759.083
16585.867
16192.020
14688.137
14759.347
14983.354
16428.952
15693.679
15525.672
14688.920
