19390.697
18940.419
18630.181
19559.822
18535.747
19029.007
20898.522
20380.498
19918.129
18754.576
20515.438
21732.198
20875.191
21970.191
21497.126
19557.305
18823.576
19121.397
18023.214
18265.057
17925.256
17663.543
18926.879
20637.884
20391.715
19845.511
19660.886
22279.168
23809.945
22349.575
20167.211
19803.587
19605.521
20637.907
20467.864
19058.541
18962.962
19861.321
19871.005
18575.449
19164.395
20019.553
19477.936
19481.236
18788.171
19291.150
19205.860
17182.222
18373.398
19753.012
19810.899
18879.117
19589.919
21444.803
22646.172
22464.511
20982.906
20203.945
18548.380
17955.259
17470.011
18039.296
17597.881
16768.351
18295.627
18334.967
18279.991
18690.228
19351.690
18467.015
17788.112
17878.188
18015.247
17839.669
16974.305
17821.835
18863.068
18438.924
18775.963
18765.184
17850.219
17705.632
16937.374
17919.809
17604.697
17019.320
16418.144
16959.280
17947.597
18325.953
17670.207
17302.370
16720.100
17839.424
18530.632
20886.398
20233.129
18875.462
16380.154
15445.517
17451.379
19308.081
18470.657
17206.977
17500.328
17636.837
18297.918
16605.403
16881.718
16730.389
16878.879
15645.224
15387.508
17028.311
17712.795
17048.949
15419.395
15406.300
15940.723
16409.072
16055.430
17520.313
18275.761
17560.494
15480.290
15496.991
15595.500
15427.710
16165.389
16749.600
16731.202
16272.374
16634.870
18365.770
18294.571
18124.058
16572.080
16301.863
16403.171
16696.450
17339.396
17420.421
16619.695
15677.337
14941.224
14107.629
14036.941
13944.440
14563.746
15829.196
16543.435
16975.020
15565.602
13976.610
14096.451
14387.681
15065.164
14396.815
15296.293
15729.935
14595.651
14554.713
13909.826
13531.935
14764.605
15173.027
15031.038
15018.102
14685.465
14608.630
15671.571
16161.157
15019.273
14380.934
14183.462
14905.360
15300.434
15769.558
14626.679
15225.628
17241.768
14928.136
13516.635
14100.790
15148.080
14248.720
14568.454
14256.626
14760.393
15266.926
15878.437
14939.994
14052.936
13463.481
13276.441
14134.561
13834.279
13533.936
15239.210
15954.578
15634.036
15362.572
15695.150
15614.904
15525.639
17693.030
17894.339
18506.450
19353.558
18226.525
17600.165
17331.242
17151.947
17477.208
17407.342
16806.751
16660.011
16982.779
16355.812
17354.206
18327.592
17440.754
17313.094
16343.733
16560.395
15390.955
15456.987
15123.135
15777.085
16458.787
17622.521
18825.303
19887.022
18383.307
18581.880
17891.754
17514.498
16167.290
16357.268
17407.025
17831.188
17802.909
17326.767
16914.633
17197.791
17329.928
17541.495
17125.991
18010.986
16465.709
16279.827
16793.765
17508.712
17629.194
18192.416
18375.073
18145.661
19593.716
20667.853
19827.349
19714.810
18589.633
19871.287
19069.975
18810.642
17869.212
17796.731
18900.309
19028.588
19889.772
20746.330
20442.307
19710.004
20580.970
19622.737
17407.052
18749.505
18562.382
17981.207
18580.491
20287.174
20596.239
22076.454
21940.226
20932.425
20609.536
19376.400
19499.656
21017.533
21571.862
23085.705
22356.528
21067.662
22992.185
22348.029
22357.194
20900.465
20859.372
20315.698
20335.523
19296.146
19899.797
19130.402
18741.482
20596.138
20799.694
21497.965
20703.194
18518.612
17909.839
18061.541
18641.762
19259.594
19979.406
22129.704
20051.290
20558.613
20349.409
19190.672
20046.050
20623.428
19255.111
18855.324
18871.708
17511.327
17616.600
18348.487
17950.330
18287.048
16618.000
16501.414
16841.618
17980.162
19364.437
18839.191
18802.738
17756.773
17945.731
16342.836
16562.998
17183.283
16482.696
17411.243
17634.572
17192.113
18113.249
18560.940
18649.274
18500.234
17966.408
17986.853
17149.050
16564.475
15293.143
14964.390
15290.897
15259.532
15907.882
18031.566
17920.060
17132.633
16336.586
16014.885
15680.505
15425.109
