15874.521
17648.065
16707.039
17323.555
17503.003
18331.965
18266.693
17939.824
19365.607
19540.924
18803.260
17039.375
17559.948
19471.137
18768.866
19553.545
19139.860
18943.263
18768.550
19233.130
18772.476
19315.852
20069.466
20319.143
19486.395
20566.491
20664.161
18749.604
19082.708
19326.803
19193.008
20321.105
20612.376
19540.335
18279.219
18161.339
19142.544
20814.669
20912.188
21396.729
22569.168
23699.766
22218.372
21636.177
22355.899
21516.649
20118.582
20164.455
20554.133
21054.687
21781.681
22529.888
23551.693
22094.635
21430.167
20763.214
20652.637
20145.690
19522.188
18955.541
18257.274
17495.242
18951.356
19846.177
19963.277
20891.020
21284.116
18834.544
19282.113
18801.546
17477.885
16463.023
18284.170
19352.646
20201.731
19992.649
19021.137
17380.863
18469.847
19255.372
19332.408
18415.327
18463.968
17098.173
16711.458
17402.396
17356.465
18202.635
17621.779
17270.106
17502.304
17271.350
17044.600
18271.962
17611.260
18531.330
17927.932
17691.717
18117.373
18218.280
16836.174
16900.945
17374.579
17942.408
16613.032
14639.739
15018.551
15248.743
14923.304
14558.540
14368.616
13165.260
14876.982
17600.083
17794.367
17749.038
17965.519
17260.433
16844.049
17967.827
17791.112
16744.987
16826.230
15943.710
17635.232
16575.577
15144.002
15518.026
15898.436
15375.039
15294.328
14710.016
15391.058
14189.043
14779.910
15757.527
15478.739
16875.578
15601.410
14466.991
14177.429
13694.948
14136.607
14772.998
13631.178
14497.812
16261.114
16488.702
16672.709
16185.227
16729.169
17912.131
18084.486
17466.128
15557.011
14589.095
14741.494
14617.300
14690.033
15358.505
15590.414
15693.631
15015.504
14749.516
14511.417
16264.935
16531.382
16862.040
15489.362
15089.523
15596.704
15172.824
15102.304
14730.744
16325.155
17612.275
16462.738
15492.034
14888.118
16165.331
16740.815
16488.240
16527.081
17458.990
17692.938
16432.225
16019.174
16633.075
17043.361
16152.365
15186.658
15529.733
14618.580
15120.357
15348.888
16186.412
16086.164
16049.035
15600.155
15670.298
15964.294
15361.324
14793.253
16004.596
17320.563
17144.496
15656.504
15941.128
14930.881
17007.194
18109.979
17639.665
18509.615
19867.385
18063.068
17217.014
15909.630
15115.560
15860.143
15758.465
14721.334
15145.355
14886.369
14713.255
15314.362
15983.408
16846.265
16161.199
15725.742
16873.761
17168.037
17250.305
17269.668
18542.060
19220.231
17963.030
17055.720
17161.979
17352.645
16910.376
16737.713
16821.968
17471.838
17703.765
17907.541
20196.017
19405.415
18496.840
19663.893
20034.534
18742.128
18810.765
18963.343
18030.324
18222.711
18460.277
18655.351
17835.941
17823.799
18428.932
20556.726
20418.305
20155.509
18485.684
16110.354
17020.154
19881.647
21165.672
19045.444
17235.059
17122.545
17978.822
19636.084
20368.862
21680.657
21168.571
21459.518
21488.960
22222.895
21776.974
22587.662
23140.831
24419.035
24381.068
23591.900
20721.716
19384.759
19280.551
19298.033
20526.010
20011.509
19995.032
18842.119
19069.944
19847.828
20816.179
20930.672
20853.249
20834.131
21386.341
19978.832
17535.605
16952.180
17499.152
17724.159
17801.498
19251.353
19786.658
18541.211
18833.940
18439.591
18729.119
20152.470
22287.419
23890.840
22151.131
21550.199
22928.155
24434.777
24274.073
23864.117
23142.369
22034.689
22873.946
23684.446
25511.776
24651.950
23332.249
21653.680
21595.850
20362.658
21459.799
22199.732
21604.468
20462.661
19299.446
20293.979
21189.290
20643.157
20596.882
19898.470
18805.918
19846.500
19848.822
19619.884
18476.886
17922.615
17083.768
17113.130
17661.857
19867.822
18733.082
17254.650
17817.456
18266.916
18265.955
20116.069
22429.999
22222.591
20357.211
20228.051
20529.093
22259.156
23227.271
23457.144
