18379.916
16787.830
16061.458
16164.636
17027.236
16948.246
16969.447
16806.683
17114.319
15787.073
15891.034
16795.533
17000.457
16453.868
15570.610
15709.127
15216.879
14859.686
15496.725
14734.358
14764.793
16681.015
16340.124
15347.005
15280.747
15507.978
15487.998
14795.375
15618.398
15280.486
13992.244
13459.657
14230.557
14814.589
16671.858
15327.771
15854.449
15852.187
15676.044
16271.285
17110.986
17466.815
18561.706
18845.760
18715.073
16633.319
16212.812
17183.003
17458.078
17880.792
18168.532
16363.684
16685.604
16448.666
15294.688
16444.126
15527.153
14584.824
13839.314
13970.888
14745.273
15156.832
16293.759
18038.036
18725.344
16103.088
17202.624
18222.928
16880.346
16566.919
17313.466
18383.452
18197.615
18344.285
17316.954
17260.022
19890.479
19564.087
18777.039
19947.077
20154.028
18862.849
18707.707
18879.257
17724.784
16423.155
17902.984
18503.944
17716.781
18003.746
18732.514
17552.393
18892.805
19093.902
17241.715
15212.403
16221.955
15913.621
15524.257
14435.265
15831.593
16158.788
16571.794
18059.298
18582.347
19371.682
18584.469
19784.528
18982.297
18422.438
16969.799
15949.316
16902.296
17906.853
18214.164
18445.953
19333.514
18999.250
20339.544
20065.158
19284.329
19265.739
20351.637
21213.482
20629.240
18562.411
19047.313
18911.261
17402.318
16318.585
17182.480
17601.548
17957.070
17571.208
18806.153
18996.650
17149.775
18185.224
17433.352
16990.214
17056.051
18411.555
17858.540
18128.307
17940.215
17679.197
17535.455
17385.938
16228.168
15901.150
17174.744
18670.903
18155.062
16816.317
15730.555
15420.449
15453.527
15236.864
15988.035
17501.130
18452.273
17727.510
17330.510
17713.499
18641.937
19298.949
18209.174
18913.026
18636.873
17056.089
15950.193
14866.318
14601.550
14278.671
14604.148
14388.492
14514.052
16420.351
16944.206
15285.473
15373.336
15796.887
14543.025
14367.541
15100.007
15144.960
15679.574
15846.577
14927.015
14223.155
13397.245
14570.298
14252.488
13079.049
14454.036
15459.299
16213.668
16083.393
16362.670
17336.158
16726.174
16964.368
16921.173
15790.876
15999.817
16015.435
16417.386
16815.388
16056.347
16259.869
17158.922
17247.512
17591.570
16560.077
16190.976
16313.106
16114.449
16481.564
16939.659
16869.673
15986.532
15583.274
15618.237
15946.705
15100.372
15472.506
15730.692
16450.593
16051.394
15680.504
14749.044
14718.249
15891.993
16724.989
17003.351
16523.702
16890.578
15949.071
15130.106
15500.948
16347.816
16487.556
18207.086
18191.655
16951.052
16996.376
18684.797
18290.425
18279.737
17873.089
18885.690
20333.975
20942.754
20809.650
19781.798
20568.864
20267.193
20629.088
22544.809
21337.560
20322.940
21476.643
21370.083
21374.874
23039.763
22691.438
21499.911
22044.270
20823.551
19291.707
19869.225
20052.260
20474.528
20266.228
20005.401
22409.027
23017.289
21456.073
20848.468
19946.475
19691.804
21163.819
20379.243
19552.838
19913.234
20542.445
23752.836
22878.823
20975.137
18592.070
17231.695
18492.453
19207.774
20339.849
19768.860
19211.254
18882.837
19343.357
18704.883
19317.622
19348.751
19849.960
19454.284
18623.811
20852.088
19873.831
20667.464
19366.110
21058.007
21743.525
21429.538
20408.272
19734.658
19799.904
19921.477
20874.242
19150.510
19248.651
20401.657
21793.425
21580.117
21915.245
22107.395
20636.149
19445.363
18148.709
17596.331
17356.274
17979.827
18342.857
18596.120
18307.178
18516.028
18779.797
19245.592
19193.114
19367.213
18943.806
19889.933
20302.863
19525.332
18707.975
18313.631
18827.918
19126.869
19944.345
19365.327
17191.602
16975.679
17652.239
19346.801
20123.712
19824.119
19568.391
19094.743
19652.547
19434.738
20688.240
19998.323
20329.092
20036.702
20005.401
19381.337
21292.767
20289.794
18780.081
