15403.445
16876.161
17447.696
17555.387
17164.836
16863.055
17654.712
17661.022
16346.515
16545.566
16840.932
17361.158
18958.032
19137.041
20462.254
19695.595
18554.305
20138.970
19288.875
17265.079
17371.595
17608.114
17419.088
16904.482
17200.672
19060.331
19732.636
20418.703
20598.597
20388.441
20281.234
17927.255
18571.594
18548.444
17235.645
18461.762
17863.401
20151.199
19776.822
19466.190
18131.864
19061.118
19533.840
18422.565
18160.956
19326.297
18353.833
17632.450
17436.928
18443.590
21187.121
21723.643
20775.110
19083.545
19477.768
19010.375
17780.650
18145.615
17907.953
17192.325
16438.615
15916.718
15685.019
15298.923
16442.032
18744.197
19798.711
18527.863
19214.199
18330.846
17029.138
16716.032
17551.064
17407.382
17329.529
18164.505
17783.569
16770.958
16379.578
17004.135
17327.610
19417.991
18870.564
19060.750
19112.452
19695.936
19803.683
18935.113
19271.113
18688.158
18151.654
16526.184
16625.603
17163.580
16369.001
16261.087
17767.281
18340.289
16874.151
15705.154
15488.981
16412.368
17401.435
17394.054
16889.937
17692.799
19077.949
18616.742
17838.021
18112.203
17100.079
16530.491
17588.542
18794.260
20227.456
21596.728
19703.802
19074.875
20384.573
21942.326
20806.396
21268.039
20596.187
19238.276
19910.109
18928.378
18530.129
17903.055
17528.337
18098.058
17997.013
18969.621
17697.645
17998.140
18490.241
18156.770
17373.547
17015.799
17070.727
18048.627
18550.717
18482.055
19024.041
17429.184
17293.542
16074.793
17261.565
17591.647
18452.612
17546.513
17119.682
17180.939
16645.858
17454.121
17173.521
16584.888
14923.982
13624.707
13721.978
13770.780
13647.566
13842.016
14806.564
15692.602
16300.578
16559.296
16631.679
16798.531
17062.606
17502.978
17333.009
16540.952
16419.608
17132.915
15522.649
15639.590
15027.021
14243.965
15278.651
16618.244
16080.036
15883.888
15542.267
15019.965
15545.517
16162.968
16274.452
16965.280
16902.439
16634.216
15838.900
14946.488
14395.928
14343.366
14259.500
13765.464
14399.882
14109.290
13701.186
14405.133
14978.322
15265.608
15416.111
15314.887
15589.395
15762.638
15195.697
15280.327
14948.116
16105.931
16673.170
16506.510
