20395.834
19919.707
18514.809
17710.921
17482.577
17394.276
18250.806
18924.750
18459.073
15931.945
14767.298
15087.746
15060.471
13715.850
13816.065
14382.544
15460.764
15662.906
14697.734
14407.121
14833.808
14828.524
13671.927
14423.437
15833.512
13825.946
13717.186
13907.774
14403.772
13773.146
14646.354
15505.353
15626.945
15261.060
16410.137
17529.534
18552.024
17160.246
17024.331
16988.287
17227.987
17294.674
18176.742
17449.334
16128.591
16528.526
17434.305
17401.721
18412.459
18014.379
17618.125
17628.378
18367.282
18796.241
18246.148
18335.357
20388.433
20490.989
19095.251
18295.220
18091.076
17342.235
15968.658
15514.761
16310.288
17406.878
16978.768
16225.047
17404.503
17183.184
16843.200
16361.379
17073.370
16422.527
16667.813
16464.513
17247.187
16416.069
15725.631
16991.092
17006.783
17892.988
17659.949
18573.786
18442.037
17542.947
16791.764
17570.004
17635.748
19777.217
18904.180
18657.624
19172.679
18743.679
18539.816
17297.554
15820.743
16467.535
17950.779
18257.042
18290.899
20104.320
21863.698
20020.371
19390.681
17856.801
17484.871
16602.165
16327.607
17391.160
17923.933
18077.624
17486.257
17986.953
18286.303
20069.343
19551.799
18604.741
17051.311
17933.729
18581.404
19278.191
20351.040
20167.139
18789.687
18818.711
18526.521
18417.815
17816.113
18704.934
18527.177
18101.477
17863.211
18076.838
18949.214
18891.625
17772.318
17791.544
16431.802
15288.472
14043.311
14075.015
14865.532
14824.307
15449.896
13696.904
12625.331
13569.412
14252.726
15933.828
15778.237
15229.616
14469.301
13956.292
12446.046
12700.063
14011.507
14693.155
14221.656
14875.119
15869.387
14892.596
15115.968
14994.481
15042.051
15272.093
14538.198
15112.284
14893.049
15454.616
14958.024
15824.705
16825.784
17470.004
16514.906
16137.599
14611.062
13622.009
14204.223
13548.656
13540.626
13621.199
13971.974
14565.624
15201.716
15464.875
15183.748
15119.900
15810.921
16514.670
17709.171
17443.797
17745.771
18130.808
19543.418
18200.005
17359.663
16607.566
16795.969
16839.622
17437.770
16374.226
15618.991
15768.410
15052.586
15034.874
15289.607
16809.936
15935.792
15210.689
14217.729
13956.577
15923.474
17183.348
17459.578
16493.637
16545.731
17188.551
18172.296
18009.469
18101.857
16942.574
17237.841
17561.127
17453.937
16478.503
15938.128
15393.585
15994.429
16641.784
17091.718
18350.952
18153.196
17150.386
17221.465
17718.764
17395.798
17964.876
18701.609
18065.186
18368.754
17742.617
17935.601
17767.187
19546.135
19553.095
18980.478
18810.926
18909.467
17958.837
18432.145
18898.807
20778.867
22133.025
22452.595
20574.084
19770.392
20779.334
21308.958
19072.941
19128.945
19261.053
19788.891
20887.327
21863.662
21308.494
20866.765
19997.772
19442.773
19268.422
19011.195
19365.661
20626.607
19141.297
18521.136
18263.547
18963.910
20426.041
22051.771
20670.852
20013.942
19635.400
20825.081
21341.587
21767.512
21637.697
20895.241
20263.234
19694.452
19291.187
21130.992
21664.172
20456.995
18551.740
19123.115
19982.880
20497.681
21087.801
21919.422
21618.532
21384.820
21723.155
19773.917
18952.800
18849.723
18741.492
16959.064
16227.101
16821.050
16091.396
17324.658
18099.006
18299.188
18810.544
19933.530
20865.122
19279.240
17805.372
16904.404
15386.093
16142.894
17169.763
17476.994
17652.541
19338.819
19070.316
18986.236
18328.975
18645.010
20494.351
19429.908
19641.640
18799.946
20357.590
20689.559
19329.468
19438.282
20227.688
19288.564
17550.755
18501.449
18539.864
18766.565
17740.910
16912.687
18656.599
18672.305
19242.008
21471.404
21868.056
21068.286
19096.108
18413.497
18814.339
18887.345
19330.801
19131.983
18922.779
19533.775
18124.412
19098.422
19747.263
21716.921
21048.947
19534.647
