19826.000
19756.509
19213.393
19599.641
19636.900
18289.705
17734.662
17126.061
16123.415
17388.668
17368.658
18431.533
18781.383
18617.270
17245.644
17758.862
18265.820
16824.417
16424.649
17394.221
16969.884
16708.724
17043.448
16850.233
16462.272
17600.373
16579.363
16115.045
17646.315
19321.882
18205.852
16732.176
18289.695
17752.695
16475.658
16357.004
15948.614
15873.330
15850.769
14983.792
15700.763
16241.725
16074.706
16359.220
16740.626
16897.197
17981.165
18927.020
20330.155
20245.433
19812.144
17928.918
16271.639
16621.036
16665.019
16098.368
18025.472
17338.308
16001.481
17324.111
18312.081
18634.215
18953.669
18706.364
16759.759
16596.850
15078.010
14806.462
15309.159
14845.812
16177.968
17430.704
16059.849
15330.885
15099.307
17067.280
18832.128
19566.328
18372.592
18161.564
17624.208
18779.892
18436.163
17962.315
18372.885
17813.014
16293.235
17092.855
18560.779
18954.368
18381.227
16977.513
17123.433
16338.991
15786.529
15669.185
15902.856
16833.124
17299.996
17229.828
16240.363
16530.428
15909.924
16822.062
16846.983
17113.799
17542.299
15486.767
15809.259
16720.384
16212.326
16664.720
15832.967
15581.655
15495.196
15116.830
14813.280
14057.090
14885.639
15465.787
14951.120
14952.397
16544.549
15274.406
15093.847
15430.950
15723.091
15670.420
17554.329
18366.523
16624.701
15153.223
15427.139
15686.449
15958.391
17344.848
18747.017
19017.921
19061.962
20219.590
20273.365
18542.949
17863.535
17765.672
16462.454
16252.425
15823.272
15703.000
16327.663
15579.676
15290.284
15837.158
15071.009
14437.547
15047.191
14839.822
15361.423
15267.581
14690.339
14203.630
15298.058
15001.265
15293.252
16766.644
16889.963
16880.552
16760.994
16969.216
16082.873
16067.841
15169.826
13810.208
13363.549
14586.002
15539.738
16761.138
17093.235
15994.337
15165.364
14451.852
14936.532
14867.121
14400.069
14736.057
14217.174
13878.928
13907.668
13862.026
13201.524
13486.859
13776.454
13976.892
14489.695
15469.208
15180.693
16063.462
15953.508
16616.717
16938.113
16377.017
16071.104
15680.458
15806.937
15322.352
13674.302
13783.552
14348.719
15462.702
14893.953
14934.937
15400.559
15347.094
16547.974
15259.155
13771.760
14214.351
14099.088
15467.038
15633.247
15830.052
16798.695
18540.578
18611.317
17601.453
17283.742
17481.509
16743.811
16333.599
16231.343
16986.440
18169.458
17481.918
17672.377
18211.824
17437.952
19197.420
21117.754
21416.431
21507.935
19688.490
18577.411
18662.960
19123.965
18849.265
18348.256
16910.964
17845.866
18834.603
19323.443
18192.330
16667.657
16096.941
15814.292
16898.650
16557.121
16139.325
16969.329
16745.862
17571.682
16434.695
17391.917
18936.174
19257.974
19261.513
18926.321
18356.876
19014.722
19382.714
19963.628
21321.561
21034.201
20044.469
20375.541
20821.075
20607.505
20267.121
19042.020
19365.443
18968.173
18537.384
17679.152
17905.945
18493.439
17313.860
19002.135
20326.908
21579.653
21868.507
21217.146
19614.946
18226.855
18468.662
19061.256
18614.931
18689.845
19279.063
18898.989
19480.925
18096.239
19536.894
19342.768
20144.262
19927.150
20476.853
22270.947
19399.783
17954.005
17987.785
18601.021
18469.427
18280.856
17856.286
18042.463
18466.524
18906.054
18422.628
18293.001
19213.408
18207.385
18039.295
17709.448
17031.693
16642.328
17929.025
18249.242
18309.304
17983.093
16884.336
17102.768
17705.603
19032.254
18776.205
20077.865
20509.915
21746.951
20986.284
21570.999
20157.619
18536.980
19046.794
20429.514
20300.322
20157.121
19536.960
19036.577
20431.013
20566.078
19076.581
17386.668
17227.386
19503.863
19902.110
19659.272
19992.513
21226.963
20915.064
19889.604
18366.281
16798.683
17274.036
17910.879
18774.172
18103.235
18378.684
18329.020
