18004.521
18300.063
17707.385
17706.987
17954.816
18580.777
17930.144
17684.338
18080.163
18620.375
18269.381
18738.174
18750.982
18424.043
16962.446
15559.696
14901.889
15241.497
15868.322
17446.278
17554.890
16453.607
17759.338
17682.669
17434.139
15524.452
15440.613
15165.716
14833.544
15460.189
15257.083
16310.732
15996.052
16866.703
16460.503
16346.368
16286.371
15790.853
15631.905
15496.724
15236.483
15226.153
15491.583
16378.682
16445.675
17037.181
17213.047
16363.709
16150.076
17017.058
18150.849
18938.422
19417.826
19032.430
18186.072
17151.757
17917.149
19053.257
18495.541
18013.548
16574.393
16146.272
16802.944
16455.626
16364.640
16108.544
15510.329
15460.505
16221.276
17969.331
18042.717
18364.169
17840.976
16766.245
14695.694
14857.388
16812.069
16449.472
14913.220
15503.659
15847.801
16031.223
15173.360
16021.690
17622.484
16271.924
16699.732
16729.663
16564.598
15544.183
15218.714
16427.350
17324.138
16536.412
15508.849
16039.430
15707.209
16959.291
16532.850
17185.308
17547.304
16985.025
16923.487
16057.684
16208.522
16117.703
15858.644
17004.797
18960.703
18214.893
18227.144
17947.146
17283.292
16383.781
15920.175
16841.591
16409.702
16801.138
16699.143
16966.629
17146.435
17267.670
17655.339
17335.734
18651.236
19366.045
20038.056
21254.700
20913.569
20988.154
21080.536
19208.495
19591.292
19546.883
18201.483
16936.884
16099.211
15753.441
15897.304
15867.222
16589.179
17327.282
17971.991
17251.519
16246.609
14919.586
14529.943
14554.161
15000.716
15626.653
14806.496
15531.792
16232.333
17148.134
16071.246
15574.258
14491.851
14588.183
15289.306
15677.223
15004.867
13296.528
13970.339
15195.688
15361.671
14605.491
14485.932
14801.937
15070.770
15420.798
14348.640
13864.050
15512.612
16923.879
17642.658
16221.121
14936.439
14975.988
14912.955
15389.428
15654.507
15124.071
14763.881
14781.793
15878.426
15896.801
14530.081
14239.629
15034.587
16167.029
16100.814
15881.654
15559.851
15002.961
15718.015
16051.751
14414.625
13873.447
15001.898
15448.167
15928.328
14889.402
14206.626
14603.085
14350.582
14451.758
16174.849
16377.738
15550.419
15428.899
15263.088
15448.593
14849.868
15714.973
15539.773
15137.246
15579.617
16328.645
15962.331
16707.062
17040.972
17645.070
17785.952
16215.144
15657.068
16844.076
16789.139
17885.581
17488.468
18062.062
17243.379
16444.794
17001.438
17243.491
17770.630
19482.503
20550.705
21166.899
19582.392
19590.147
20331.614
19242.815
18210.860
18462.539
19512.619
18519.109
18119.399
18604.109
18481.878
18526.238
18836.873
17993.893
18099.470
19046.066
19337.200
19130.461
17982.750
18525.473
19865.347
19386.785
18194.559
16753.739
16463.973
16606.511
16746.348
17766.608
18863.723
20104.888
20612.947
18641.972
19781.976
18704.968
18244.622
18061.545
19087.076
19925.927
18570.720
17014.047
16890.522
19244.711
19728.707
18680.678
19634.983
19106.963
18497.325
18715.020
18440.786
18421.247
18469.801
18838.842
17255.561
17587.656
17675.833
18159.160
18034.996
19690.530
20262.342
18412.661
18783.668
18131.913
18302.484
16308.151
15589.659
15605.003
17011.199
19016.488
21682.373
21033.088
20673.967
20623.100
21338.547
19785.496
20132.266
22012.730
22736.297
23156.602
21878.933
20409.485
19841.851
20927.642
20277.624
18754.432
18639.873
21442.243
22493.015
23289.233
22003.528
19722.061
17835.946
18885.681
20022.187
20274.832
19959.542
20058.029
20298.835
18597.947
17864.289
18086.731
17842.051
17739.670
18655.512
17801.124
16368.575
16981.356
20096.559
21330.144
20236.604
19341.777
19252.610
20159.681
19179.341
18053.872
17855.678
17694.818
17208.590
18171.192
18628.047
18073.982
19032.606
18411.758
18392.082
18788.465
19194.275
19285.958
19054.983
18477.329
