20418.631
21134.732
19805.689
19716.251
20611.574
20052.321
18627.181
16679.615
17139.256
18206.290
19834.200
21270.690
20736.816
19783.844
18071.386
17998.926
18311.908
17112.712
17537.263
18682.635
19368.879
20297.269
20225.517
18661.328
17271.058
17566.283
18080.826
16900.098
16735.483
16980.156
17469.630
16328.386
19170.857
20526.914
19352.895
20683.526
20682.252
20468.696
19517.521
16247.202
15794.529
15523.165
15091.280
15417.678
14530.611
14078.329
14996.462
15078.715
15248.613
15793.864
16153.960
16178.257
16795.782
16110.836
16105.193
16407.642
15943.601
14961.242
15592.595
15520.074
15786.759
15476.281
15499.907
15371.392
16098.040
16311.471
14746.778
14159.488
14189.880
13862.326
13765.857
13320.012
13688.308
13870.917
14032.062
14441.740
14757.168
15803.896
16023.160
15036.817
16170.872
15960.167
14814.637
15198.734
15483.219
14803.013
13603.067
13202.942
13528.729
14152.672
14388.080
14485.405
14503.172
15008.387
14485.774
16141.556
14864.628
14715.490
15213.997
16489.067
16061.185
15053.951
16127.626
16641.937
16343.381
18231.665
16416.903
15431.248
16032.471
17359.516
16764.896
16587.505
16497.010
15146.404
15556.617
16125.191
16885.984
16697.686
15395.372
14787.123
14816.571
13554.135
13509.859
13404.071
13200.175
13402.211
13877.486
13129.648
12901.248
13390.170
12971.454
13211.475
13940.067
14716.830
14809.827
15013.843
15372.624
15384.948
15218.391
15165.526
15188.620
13995.073
14799.997
16024.404
15331.011
15495.780
15498.318
15703.681
15923.221
16356.035
17262.060
17279.865
16894.123
16825.001
16199.344
15300.603
13539.085
14106.418
14953.651
14925.000
15469.590
15802.018
16174.063
16480.953
15434.897
15630.669
14387.844
13852.462
14950.307
15885.630
16171.620
15551.695
15798.380
17439.302
17851.027
16814.756
16217.628
15926.689
15739.818
16305.720
16745.967
15916.139
15588.545
15731.400
14995.671
15508.278
16650.063
17366.578
17426.362
16984.773
16567.967
18453.464
18648.212
17380.688
17536.911
16245.222
14764.450
14217.059
13673.595
13708.227
13544.514
14335.641
15841.527
16021.351
15335.108
14650.551
13915.185
14803.620
14752.942
16859.915
17081.065
17060.703
16159.330
15927.457
15960.658
15680.932
16319.861
16301.527
15962.749
16438.979
16395.212
15524.477
16418.872
16313.375
16335.903
16069.846
14983.284
15407.827
15360.233
15075.614
15348.510
16231.619
16817.309
16780.313
16317.384
15925.635
16069.890
17823.660
18538.454
18694.492
18729.316
18165.934
17531.931
17213.566
17071.622
17128.458
15749.123
15931.958
17194.580
17139.700
18283.325
19722.950
18844.177
17358.601
17160.901
18471.006
20210.781
18812.150
17562.817
18437.883
20441.273
22413.747
21376.192
21175.964
19881.707
19060.419
16411.476
17297.756
18251.953
18550.775
18705.539
18865.414
17731.007
17930.669
20006.742
20641.973
19888.334
18839.221
17641.384
18411.494
20103.172
21420.064
21695.672
21625.059
19936.442
20083.609
20189.743
20764.823
19831.808
18625.414
19457.346
19111.293
19408.365
18276.074
18741.458
19419.294
20002.047
19391.830
18404.133
17514.541
17094.001
17719.412
18942.279
20444.912
20663.529
18642.083
18524.591
18198.786
18616.416
19451.725
19127.827
17987.002
18177.542
17706.635
16843.039
16206.572
18594.315
18631.780
17282.702
16585.447
15761.595
14989.423
14727.716
13244.087
14156.236
16407.112
17611.716
18284.557
18721.109
19746.568
20192.921
20801.188
20567.362
19501.440
17870.723
16198.330
15045.659
16461.067
16565.258
18038.528
19909.383
21463.774
22644.498
22710.089
21841.971
21234.735
19269.536
18305.158
17859.056
18129.829
20481.347
19799.030
19269.495
19133.520
18583.158
19044.691
19056.015
18692.565
19716.626
18624.241
18755.325
18051.461
18887.022
19041.373
19561.982
17982.972
