17632.317
16401.351
16393.488
17483.338
20399.953
19633.416
19632.497
20072.700
20029.999
18972.547
19173.602
18791.215
18015.335
18501.004
18572.855
18761.018
17230.111
16921.585
16593.604
17021.553
17953.663
19377.089
18766.655
19726.971
18512.081
18190.547
18283.668
18552.318
19495.129
20854.791
20247.030
18504.608
20419.687
21697.134
21140.354
21194.035
20447.911
19244.498
19420.491
18921.826
19252.815
18376.063
17584.727
17206.548
17490.114
18047.096
18973.654
18079.901
17462.301
18149.510
17245.050
15103.433
15023.451
14792.601
15289.653
17280.913
17914.708
16275.798
15511.718
15784.760
16420.285
16256.431
15893.390
16650.628
17060.868
17534.061
17043.130
16880.191
16737.282
16547.207
17623.762
17596.881
18552.600
18639.520
18826.775
18927.244
18087.673
16845.033
16559.035
15937.357
15181.922
15881.495
16994.273
17298.043
17664.992
18220.472
17450.190
16487.875
15786.097
14967.015
14532.567
14933.901
14050.791
14302.037
14528.435
14433.184
13840.001
13809.230
13244.656
12459.653
13129.505
13018.664
13334.600
14472.532
17266.677
16241.232
16728.214
17118.778
17286.422
17251.218
17922.278
17458.231
15992.794
15269.301
15950.851
15231.693
14716.883
14771.628
13669.556
14360.104
13736.482
14307.942
14829.767
15069.600
14486.715
15322.884
16166.662
17426.170
16732.066
16704.460
17619.887
15807.351
14895.936
14694.002
15481.662
15990.087
14940.267
14376.220
14433.782
14949.364
15829.132
15641.995
16004.625
15129.750
15116.841
15893.342
15331.145
13374.512
13671.979
13603.016
12663.468
14025.512
14154.590
13599.652
14876.997
14460.498
13679.279
14187.462
15085.146
14555.483
14714.392
14283.995
14003.505
15372.926
15550.384
15992.640
16439.459
16712.539
16506.241
16424.143
16188.264
16402.031
15636.780
15369.613
16003.974
17187.056
17560.452
15810.316
14961.162
13820.124
13341.842
13745.091
16244.801
18325.223
17683.930
16843.699
16209.462
15827.660
15895.233
15165.308
13472.475
12377.632
12411.225
12003.696
12207.424
13167.097
14350.087
14983.724
15309.048
14562.161
14233.845
14263.182
14247.567
15149.292
14223.592
14278.193
15619.975
16587.080
17440.141
16461.399
15299.126
15509.240
15965.919
15681.561
13925.435
13655.950
13674.536
14237.395
14237.504
15081.845
15194.286
16405.475
16684.726
15744.190
14646.864
14506.374
15437.413
15801.773
15751.984
16128.708
16523.776
15985.798
15364.236
15637.988
15792.835
16629.337
17995.218
19412.572
20117.003
19634.866
18402.190
18251.366
18120.000
16775.949
16412.780
16247.431
16722.562
16804.888
16924.615
18950.949
19563.086
18981.323
18984.156
18948.430
18247.849
18314.809
17649.145
17754.214
17333.539
17491.642
18136.310
17765.935
18210.289
18764.421
19314.265
19708.259
19359.699
19793.390
20929.062
21969.684
21124.392
20283.402
21886.849
21971.168
19717.085
19468.893
18774.718
18701.576
17650.878
17663.717
19091.737
18541.446
16820.575
16467.101
16748.991
16240.805
16065.813
16346.449
16632.718
18194.469
19445.283
20181.741
18493.532
17786.808
17525.401
16986.610
17882.037
19728.560
20169.599
19944.456
19357.105
17728.594
16613.875
17760.170
20071.031
20079.049
17746.958
16250.697
16240.802
16650.054
17966.992
18512.900
18413.504
19481.510
20263.312
20550.871
19668.028
19436.396
19105.350
17837.455
19151.255
20293.406
19268.909
20825.273
19835.269
19667.198
20273.985
18313.645
17804.509
18077.590
17244.613
18752.144
18188.323
17193.495
17208.722
19175.494
19048.276
17953.693
18644.824
18951.553
18213.513
16572.778
18125.301
19237.778
18551.487
18997.451
19149.854
18462.109
18676.185
18182.143
17691.198
17875.080
18122.107
19186.704
20314.303
20918.425
20854.010
20939.281
18103.457
17489.558
16551.153
16372.559
16479.586
16913.440
18269.192
