19220.067
18676.854
20007.772
19470.775
19258.774
19790.921
18644.738
19321.704
20403.623
19328.401
18258.757
16776.991
17715.504
18184.613
17480.171
16516.907
17015.104
16420.079
16489.527
17230.201
19195.213
18852.342
19034.484
18677.059
17971.460
16609.955
16058.996
15661.374
15578.399
15373.316
17319.864
17672.269
17200.889
17218.215
17137.935
16945.451
16634.207
16366.432
15811.806
15446.599
16431.381
16206.023
16999.269
17791.815
17608.662
17671.077
16290.263
15302.472
14939.565
15637.499
15748.045
16182.049
16439.650
16957.160
16640.815
17746.942
17160.893
18465.454
16938.563
16569.972
16494.305
17065.977
18104.796
18801.068
18545.195
17313.873
18392.663
17629.310
16994.066
18239.625
18002.874
18334.932
17698.284
16666.565
16426.280
16072.249
16152.068
14788.248
14156.250
13614.276
15023.572
16067.438
17257.935
17940.467
17774.395
16845.352
15465.503
15004.757
15616.125
15284.736
15394.602
16270.532
16271.471
15507.165
15335.680
14868.770
15729.261
17506.071
18146.226
17915.019
17696.840
16166.876
16637.492
16932.183
16353.336
15327.106
15529.624
17108.967
18172.437
17007.936
17326.922
16416.416
15884.573
16981.408
16412.941
16515.974
16301.037
15060.139
15780.497
17094.043
16901.018
15597.787
14344.661
13896.202
14524.661
13867.266
15001.243
17189.309
17440.402
17753.782
17400.978
17072.829
18383.157
18754.951
18876.544
18699.503
18577.828
19745.558
18469.989
16900.636
16928.390
16603.662
17542.843
17491.394
17555.866
17174.151
16372.194
15645.088
15802.309
15784.692
15194.957
15956.121
15853.036
15657.010
15611.629
16336.913
16590.112
16955.739
18015.268
18387.564
17148.544
16567.014
16019.545
15148.902
16523.417
17687.662
16901.347
16201.637
15734.782
16205.408
16750.437
18138.672
17313.167
15485.633
14605.688
14865.197
15400.611
15968.469
16639.757
16887.578
16486.344
14699.888
15569.443
15172.352
14443.548
15340.301
16389.427
17484.278
17434.758
16557.545
14588.254
14042.900
13806.697
14197.682
14175.597
14538.817
15971.187
16944.392
17259.899
17267.249
17518.004
17047.131
16899.091
16809.503
16107.095
15486.780
15611.821
16362.353
15568.618
16046.505
15933.914
17187.304
16343.706
16448.688
17791.360
19249.637
19517.137
18369.337
18263.632
17831.621
16900.843
17216.592
17589.481
19227.022
19420.257
18134.072
18247.754
19735.327
20138.095
19750.942
16714.434
16095.377
15600.698
16287.882
16621.170
17891.593
16310.724
16006.427
16000.399
16718.362
16868.243
18026.607
18884.842
18320.892
17146.483
16996.734
16476.034
16489.053
16133.841
15897.307
15713.154
16588.485
17709.006
16933.604
17184.327
17880.372
20012.135
19218.782
19311.867
20215.708
20713.519
20516.485
18566.402
18944.815
19744.354
18178.047
19091.805
19424.992
18732.718
17946.757
17973.496
17934.505
18400.994
20612.828
20120.706
19188.267
20880.630
23571.581
23087.441
21264.923
20036.329
18636.736
21043.721
21141.026
20552.636
17930.504
17003.136
16778.862
17103.392
17547.027
18874.479
19016.234
18252.875
20217.359
20555.359
22425.125
21810.366
20249.626
19005.454
18081.917
18653.675
18499.235
18592.970
19721.350
19242.230
19528.921
21049.955
21567.391
23200.918
22915.765
21396.009
20570.409
20095.157
19992.687
21211.475
22135.110
22713.156
22919.193
22068.954
21088.054
21555.493
20723.546
19350.069
16713.246
17723.155
18558.417
20746.919
21626.556
21190.885
23203.884
20524.390
19260.232
19856.590
19879.274
19826.742
19949.251
22746.297
22882.674
22470.114
22848.675
20831.296
20569.734
20971.822
21114.378
21161.324
19372.720
19965.974
21168.337
19784.075
19685.644
20518.089
20068.456
17683.602
17977.481
18297.822
16047.503
16082.876
17645.728
17943.986
18003.371
17993.950
18343.279
17614.048
16784.494
15719.006
