20266.277
20120.985
21209.469
21338.465
20671.727
19633.097
18538.034
20480.822
20719.120
20672.330
19039.645
19013.072
20538.987
19624.324
19062.603
18106.352
17785.008
17551.743
17073.436
17434.414
16620.402
16471.682
17286.929
17514.187
17925.404
18012.667
18099.782
18406.640
19852.059
19294.264
16478.292
16721.636
17072.419
17083.682
17475.727
18146.877
18600.187
17866.177
18161.585
17536.519
16996.022
17392.473
18324.842
17228.208
16870.949
17625.711
18761.798
17746.466
17062.206
18739.438
20271.753
19691.500
19169.082
18603.067
17830.580
17756.875
18214.323
17385.496
17595.382
18978.146
18744.228
18598.796
18741.500
20337.469
21287.444
19856.494
19073.836
19717.708
19617.658
19020.366
17471.766
17565.191
16300.053
16818.937
17108.840
16184.256
16365.340
16507.269
16584.246
16501.322
16209.975
16285.969
17191.686
19072.776
19895.879
20195.961
19186.003
20120.854
20208.271
18956.391
17747.311
18409.775
18376.937
17915.745
18445.394
18938.167
18794.699
20252.912
20528.855
19678.658
19659.722
20745.740
20738.515
20448.191
20015.072
19840.255
18589.274
17294.497
17439.042
18392.122
18204.473
16532.406
16833.047
18029.541
18358.011
19008.380
19564.884
18550.513
18583.348
18514.559
16866.726
16687.833
16136.348
15821.630
16928.656
17008.620
18284.986
15604.748
16019.387
16906.191
18554.576
18151.960
16242.944
14925.153
15747.041
15929.145
16585.770
16660.412
15894.993
17207.841
16223.327
16032.338
16383.228
16861.274
16525.833
16219.257
17095.654
16488.187
17272.451
17677.215
17905.164
16676.165
15870.912
15620.252
15557.396
15607.918
17004.725
17885.779
17583.866
17682.834
16455.150
16567.419
16048.432
15032.409
14303.706
15145.793
16811.160
16779.802
14574.722
14099.670
13735.848
13999.536
14168.364
13377.120
13996.405
13944.048
14172.601
15071.326
15976.074
16601.551
16526.110
15663.313
15367.593
15078.515
15558.356
15790.714
17053.510
16275.709
17568.315
16990.739
16774.055
16653.426
18007.896
18906.534
18174.985
16399.497
16748.611
17372.532
16802.863
15774.042
16207.950
17126.164
16998.920
17309.142
17167.630
17499.957
17171.166
17025.452
16704.519
15835.741
16033.559
16816.817
16457.813
16249.807
15731.023
15815.842
15150.529
15555.103
15739.405
16387.750
17442.368
16934.329
16997.079
17677.042
18585.481
18903.480
18741.963
18829.481
19066.491
19607.816
18895.743
18374.498
17345.280
16578.386
17315.996
16452.404
15842.089
17476.876
17828.325
18038.273
18411.814
18492.952
18393.080
17491.886
16514.440
16447.816
17484.695
18431.601
18224.306
19014.609
18868.386
18925.912
20318.534
21455.012
21104.959
22762.298
23128.662
20716.564
18575.396
17660.611
19194.758
19956.077
20148.616
19500.194
18830.184
18344.404
18537.456
17768.097
16676.841
18066.415
19794.101
19954.444
20875.308
20956.104
20145.864
19063.466
18497.815
18428.179
18755.875
21243.172
20388.026
19306.325
19362.193
20406.024
20011.165
18821.211
18392.123
17800.960
16391.210
16714.559
17339.089
19534.908
19970.628
18081.217
18462.391
19228.367
19755.810
18825.154
19205.472
18137.218
17006.581
18900.312
20780.422
21711.081
20629.298
20676.331
19948.807
19975.678
19437.844
20879.566
21751.397
22814.430
23071.676
22912.662
21557.217
21023.612
20702.964
21406.977
20502.396
20288.167
18986.881
20377.926
21423.861
20049.601
19162.173
19603.391
21178.193
20924.604
20588.522
19534.273
20078.784
20317.147
20310.301
18597.130
18662.389
17764.925
18851.980
18758.816
18848.265
19743.857
19439.684
18373.628
18836.394
18589.223
19745.712
19469.364
19292.009
19725.647
18131.478
17701.367
18339.973
20160.686
22113.451
21250.652
21932.578
21252.270
20615.235
19512.615
19290.285
20448.866
20825.997
18900.121
18005.037
17442.088
17938.294
