21224.063
19739.213
19907.253
19589.288
18870.667
19113.936
19307.194
19618.314
20148.623
18798.366
18220.661
17200.280
18360.338
19355.347
20475.474
19519.108
17372.913
16265.570
16149.826
14491.590
16321.283
16471.281
15981.973
17393.179
18542.912
18678.381
19732.486
18552.248
19461.382
19029.522
17891.175
18038.307
18251.606
16354.720
16640.630
17006.768
16773.695
17483.873
17229.358
17319.354
17006.145
17830.042
16545.992
15983.626
16514.440
17621.826
17094.227
15962.646
15760.611
15734.067
15936.607
16246.466
16622.807
17004.113
17181.304
16546.443
16733.964
19090.261
19987.535
19764.807
18409.973
18678.057
17732.627
17457.868
16499.526
16577.842
16078.509
18015.406
17655.653
17033.583
16266.915
15458.542
15773.079
15929.564
15729.966
16445.001
17405.479
17900.845
17747.852
18301.710
18200.197
17136.610
16017.380
17833.407
18015.985
17538.391
18091.241
17193.684
17136.868
17943.434
16167.820
16231.178
16171.661
16850.251
17964.605
19557.316
18311.450
16463.431
18572.904
18521.880
17857.200
16502.479
16395.658
17091.773
18077.779
17173.391
16002.224
14869.975
13898.220
14767.344
14400.283
14463.827
15255.666
16072.637
15805.567
15654.748
16378.134
16098.621
17431.275
17401.825
17069.237
15964.579
15348.690
16405.384
16471.980
17179.618
16784.874
15640.235
14045.417
14367.408
14470.495
15160.732
15654.853
14631.381
15509.522
15910.349
15906.963
17818.114
17265.532
17676.089
17817.923
18249.516
18341.291
18576.201
17617.023
17102.899
16565.685
17298.853
17238.411
16927.519
17559.476
16754.191
16332.021
16570.863
16448.748
16594.339
17940.823
19539.206
19587.449
19195.126
18325.116
17932.819
17184.684
17639.265
18496.569
20183.409
19066.679
16238.436
17590.749
18118.231
16146.896
15405.516
16846.845
16934.189
17457.075
17440.446
14942.504
14231.571
14057.669
14454.370
14454.212
15893.707
15786.518
16457.583
16591.150
16029.285
14430.203
14451.256
16113.343
17387.556
17447.745
15044.511
15514.101
15354.170
15624.346
14868.234
14069.529
13944.566
14217.589
14101.082
14593.748
14604.674
15263.686
15768.414
16355.851
16384.388
16061.334
15084.907
12615.329
13007.004
14429.872
16007.718
17564.966
17113.133
16676.901
16635.750
16348.364
16005.617
17601.459
17703.835
16404.677
15995.759
15714.950
15382.346
15211.384
15755.931
16580.356
16207.614
16248.668
15441.157
15280.144
15664.665
16959.479
18370.301
17921.919
17489.292
17579.091
17517.367
18260.779
17389.918
16858.365
16458.702
17662.781
18370.148
18353.174
17883.231
17407.471
18160.531
19118.723
19923.239
19995.860
20612.858
20264.267
19533.943
19969.078
20200.492
20446.459
19302.594
20494.988
21698.283
21972.829
21343.713
20790.231
18617.737
17406.667
17182.727
16917.007
16685.761
18010.903
18892.287
19485.633
18787.578
18653.800
19794.869
17372.523
17372.077
18235.882
18012.898
16166.980
16324.436
17188.447
18178.376
19139.268
19271.957
17769.590
18891.879
21040.484
20935.444
20334.081
18738.202
17293.925
17819.439
18326.121
18187.735
18813.832
18603.328
19090.664
20150.697
20239.670
20875.389
19310.988
19502.020
20588.733
19368.977
19389.630
20345.329
19333.616
18624.963
18559.493
17661.633
16200.110
16266.991
14789.021
15237.962
15638.324
17268.102
16298.260
17420.545
17476.193
17287.718
18020.737
17282.272
17643.530
16737.987
15833.188
16318.310
16259.455
15788.086
16069.042
15473.187
15987.896
17281.099
17064.523
15692.288
14880.397
14335.963
15424.853
15879.332
16540.308
16410.561
17432.307
16657.837
16051.914
16997.780
15988.484
15553.230
16183.186
17279.254
18826.614
17644.919
17761.972
17517.085
17953.487
17322.062
17060.925
14967.605
13897.362
14205.387
15023.013
15698.838
15383.660
15839.320
15869.238
15088.246
13973.725
13670.398
