15379.438
15632.300
16129.678
16842.543
17164.183
16157.095
16796.233
16829.085
17127.094
17787.913
18386.862
19018.964
19213.076
19203.306
17737.839
18094.832
19408.077
19430.670
19445.789
19384.362
18750.308
19564.610
18769.030
19000.715
19465.700
18222.911
17141.367
17275.216
18168.697
17353.443
19011.299
19441.199
18717.485
18955.764
17144.357
18203.219
19245.466
18878.333
19146.177
18028.149
16268.219
17371.233
16714.654
15058.336
15156.839
14832.037
15694.997
15953.589
16293.187
16980.020
17985.249
17003.384
14874.281
15099.015
16775.334
17591.527
17656.926
18308.832
19031.688
19672.070
20844.797
20069.699
19495.039
18747.549
18698.324
18575.346
16511.936
16026.799
17678.099
19465.071
20322.880
21221.474
21567.051
20808.949
19505.532
17730.864
16714.030
16361.947
17767.906
18621.543
17769.206
18957.913
20768.841
20321.056
18582.109
18322.601
18246.632
18037.421
18101.045
17363.529
16575.002
15840.543
15901.925
16569.123
17519.234
16914.974
17353.960
18084.592
18352.552
16740.487
15427.526
16439.312
16508.000
15878.680
16158.405
17157.303
15173.463
16004.106
15907.497
17042.009
17481.165
16932.407
17375.033
17315.235
17166.298
18738.450
18440.548
17973.655
16659.013
15824.882
18465.709
17643.029
17227.130
18073.200
18431.541
18459.360
16946.988
16347.411
15158.607
14342.542
13730.867
14684.516
15574.775
17139.453
16823.073
18998.508
19473.389
18722.098
19432.714
19087.621
19778.696
20489.453
18992.812
18126.213
16933.628
17561.059
17834.358
17315.786
15564.846
15461.348
15852.718
15661.608
15357.688
15165.939
14982.021
15343.383
14816.232
13103.912
13153.605
12422.328
12432.550
13748.471
13929.379
13198.731
13996.887
15089.864
15409.190
17928.004
19173.651
17769.444
16972.385
17299.690
16902.120
16521.142
16154.838
15057.876
14873.768
14509.834
15195.730
14249.209
13813.488
14344.352
14378.363
14228.163
14296.034
14259.822
14334.349
13626.322
12557.931
12892.044
13535.427
13344.656
15615.960
15726.869
15451.258
15175.540
15071.888
14299.114
14826.920
15571.200
16410.903
16297.895
16146.489
16107.693
16452.617
15373.838
14721.699
14920.102
13852.425
13432.960
14566.413
14937.876
15862.764
15796.924
15472.139
15124.725
15137.390
15274.614
15509.876
16666.128
17369.502
16693.734
17144.015
17246.416
17214.235
17836.328
17908.590
17274.090
18016.848
18636.719
17646.098
16662.403
16199.802
17297.393
18119.704
19193.925
19476.664
17923.656
17001.920
17024.343
16699.883
18562.410
19207.781
20403.413
18508.130
18013.497
17139.548
15673.742
15335.504
16487.648
17359.680
17794.742
18635.534
19129.847
19726.832
19362.861
18181.663
15818.166
16151.871
17107.717
16642.191
17662.300
19154.675
18901.961
19860.122
19610.313
18706.670
19329.901
20260.528
20703.222
21004.841
18146.248
17326.410
17591.911
18748.494
19690.003
19828.433
18647.480
18864.872
18065.323
18918.826
19983.162
18748.936
17587.370
17167.314
18479.781
17332.159
16119.368
16097.394
16690.228
17514.903
18003.508
17519.393
16553.106
16681.604
16409.083
17242.581
18473.827
18966.855
21505.240
20188.547
19742.580
19949.829
20353.763
21508.280
23555.637
24580.879
22244.622
19909.311
20427.280
20342.995
19607.751
19164.954
18053.645
18602.316
19630.562
20233.445
19709.053
20408.321
20598.449
21123.635
21150.497
21011.904
19669.654
19996.465
17835.923
18863.916
19561.392
18835.558
18887.349
19707.181
20422.724
19888.154
18949.144
18185.457
17587.387
18982.751
17658.528
18165.305
19056.849
16622.513
14255.149
16174.006
16157.157
15472.201
15257.104
16154.991
15618.489
16164.662
15506.199
16496.771
15381.124
15866.435
16456.631
16176.797
15604.138
15081.423
14998.748
15658.136
15623.946
16351.826
15281.849
15408.714
15606.196
15616.933
