18562.699
19102.341
17240.589
17512.692
18628.894
18762.263
20116.354
20619.560
19878.476
20023.334
19419.538
19710.441
20237.863
18421.699
18467.619
17969.353
19161.100
19545.767
18827.742
17322.813
18543.672
19216.537
20200.481
19122.310
18086.345
18202.250
17510.232
17085.055
17740.283
18469.459
18538.546
18577.708
18346.228
18253.016
18630.052
18188.980
17662.246
16376.935
16144.323
15299.129
14898.392
15227.765
14334.986
14787.009
15323.941
16109.149
16906.102
17146.972
18965.433
20034.705
19036.367
17900.821
17453.768
16642.983
18240.671
17038.553
16088.603
15971.690
16446.117
15978.114
16778.238
18664.724
17531.309
15933.848
16666.809
18268.027
17683.587
17263.534
17216.102
18081.919
18419.301
19058.148
19365.658
19323.067
21191.750
21147.193
20145.751
19807.688
19569.947
19131.305
18106.258
16040.942
16121.186
16623.760
17251.718
17774.046
17505.060
15315.265
15134.576
14604.386
15784.959
16354.272
15797.047
14548.804
15125.778
15201.630
14820.204
14807.977
13793.179
13775.777
13848.907
14374.682
14679.359
16103.373
16167.506
16574.702
17396.438
16193.205
16404.982
15205.730
15302.251
15338.999
16408.097
15900.349
16306.283
17451.791
17540.748
17670.888
16455.759
16479.689
16624.852
16017.233
16624.762
17388.692
17276.383
19175.769
20612.497
20163.067
19214.557
17202.033
17500.190
17480.386
16820.606
18002.824
19325.761
20298.162
20656.627
19301.228
18228.178
18540.381
18771.465
18435.198
18686.876
18612.126
17210.479
16594.292
14782.004
14220.896
16092.087
16238.711
14851.434
15803.808
16239.916
16837.673
16722.090
16208.353
15811.009
15351.090
15036.026
15382.988
15331.509
14953.879
14420.205
15360.261
16562.349
17020.237
17485.590
18178.535
18399.920
16536.182
15870.648
16736.479
16372.452
15190.602
15781.285
15686.071
15351.522
15587.089
15447.306
14235.350
14503.136
15332.941
15379.051
16564.554
15806.885
15508.894
15874.686
16604.999
16151.096
16043.465
14354.390
13889.198
14513.466
15549.067
14571.537
15414.651
15469.873
16364.633
17426.895
17612.671
17172.420
18682.525
18485.093
17912.600
17385.644
17768.276
16458.722
16169.678
16353.172
16809.958
16121.236
16460.879
17739.140
16900.895
16730.503
16762.861
16855.685
16853.244
17101.402
15879.616
15928.986
15184.960
16275.804
16379.400
17200.134
17571.132
16527.644
15625.354
16655.750
17519.036
17938.373
15981.852
14796.132
16191.550
19739.860
18744.027
18803.338
17844.441
17204.386
17795.817
19207.855
19151.535
18453.932
19011.725
19679.535
19045.871
18889.923
19404.272
18878.810
19131.504
19454.420
19487.237
19939.335
18549.147
18290.160
18014.202
18535.098
19738.521
20297.169
20080.448
20960.791
22075.795
22894.422
21161.578
21161.976
20368.770
20296.688
19854.110
20275.772
19590.022
19706.637
18597.531
19308.509
20137.054
20028.836
18383.604
19298.829
19500.389
19671.454
19292.493
18009.397
16977.284
17265.467
17460.858
17273.157
18155.507
19204.247
18345.456
17753.636
17273.619
16994.615
18047.836
19676.331
21123.361
20240.171
20944.611
19839.369
19032.862
20504.130
21778.360
21004.300
20338.870
18182.612
17438.305
17864.121
20323.116
20945.355
20543.967
19253.350
19128.455
18694.920
17953.678
16428.585
16934.736
16861.848
18770.399
18978.877
17410.885
17457.936
17809.795
17837.844
18908.914
19335.672
16335.003
16803.564
17673.288
18558.277
18807.891
18422.358
18908.692
18304.820
18191.729
18899.458
19441.566
20911.801
19949.791
17916.554
18303.370
17138.809
16634.424
15724.386
17962.650
17044.830
15854.650
16877.661
17685.500
17963.679
17106.127
16449.551
18418.316
17642.435
15190.213
14803.334
14854.114
14819.801
15596.006
16777.156
17173.680
17459.856
18349.720
18858.588
17780.933
18379.733
17959.726
18138.990
