17140.967
15831.617
14687.177
14923.631
15379.597
15302.042
15058.176
15567.807
16153.743
16164.137
15893.009
17286.320
16726.664
17769.531
17183.086
16311.522
16050.601
17103.114
18625.269
18582.885
17629.769
17245.772
16727.339
18584.532
17784.384
18314.634
18006.610
18292.703
18794.413
17732.851
16805.243
15407.319
14587.430
14576.656
15404.517
16689.746
16463.878
17686.425
17114.566
17521.228
18650.056
17379.803
17587.713
17451.231
16323.252
17161.262
18350.690
18969.817
20269.143
18943.845
18497.399
19858.145
19920.739
19621.984
18560.550
18811.766
20833.879
21411.879
19667.538
19146.557
20490.923
19720.593
18842.971
18387.583
18351.847
18012.264
18149.248
18313.215
18321.580
17318.581
17694.668
17821.811
18844.432
18918.268
18785.982
18144.752
17327.182
18845.741
17460.141
16893.270
16015.902
16854.149
18194.107
21060.637
22341.160
22022.141
20347.477
19596.621
19991.951
21004.281
20905.508
22303.360
20883.620
19345.682
19943.869
19323.315
16709.961
16056.471
15140.680
14878.934
15460.632
15606.482
15503.317
14412.096
12755.185
13236.206
13071.240
12596.958
12401.701
11469.580
11265.082
11810.185
13423.270
14336.235
15188.098
15744.692
16966.070
18786.745
17751.930
16912.722
17289.451
17112.296
17079.434
17693.182
18196.688
17402.133
18879.197
19175.018
18660.265
19411.588
18120.452
17936.066
17350.523
17980.478
15609.318
15924.868
16495.972
16626.152
15953.898
15647.071
14870.325
15232.706
16212.900
16314.823
16024.805
16117.899
15337.182
15214.181
15115.792
14137.616
14878.458
14540.892
13548.085
13545.460
13466.040
13435.119
12272.547
11656.171
13137.008
14527.960
16407.813
16796.766
14761.799
14019.744
14351.198
15375.023
16479.563
16906.436
16783.366
15796.284
15162.814
15170.209
16321.514
15332.626
15451.668
15386.832
14197.230
13885.899
14269.226
14972.792
14946.192
15793.117
15897.898
14508.102
14507.183
13270.405
12958.218
13846.805
12689.969
13777.848
14722.165
14551.901
14672.376
15350.880
14678.680
14922.702
16299.723
16598.767
16652.338
16888.086
16245.660
14867.288
15284.086
17188.506
18666.905
19069.571
17491.254
16061.459
15505.588
14946.332
15753.780
17089.781
17891.337
17984.924
16930.886
16684.126
16997.309
16136.920
17538.022
17532.752
15825.666
15362.734
14953.052
15350.678
15482.675
16374.734
15863.516
14763.089
15843.166
15528.109
16022.556
17468.763
17460.674
17522.686
18553.493
19395.222
17954.537
18327.633
17214.966
16820.214
16870.872
18029.765
17847.084
17039.600
16472.753
17122.524
18270.463
19168.425
18870.284
18874.964
19010.778
18110.087
16819.320
17276.720
17555.174
17675.599
18968.695
19256.242
18815.586
19545.187
20411.670
20499.034
18751.827
18696.949
18213.865
18855.840
19502.995
17864.620
16033.137
16754.952
18108.336
21207.875
21010.784
18550.742
18091.997
17256.030
18043.109
18810.541
20156.899
19488.093
19002.465
18969.600
19618.875
19531.403
17972.472
17155.180
16536.781
17262.426
19044.560
19350.474
18110.988
18230.022
17681.593
17278.654
16873.962
17096.666
17339.603
16921.169
16251.400
15776.978
15624.252
15050.758
16344.821
19093.557
21146.736
19988.411
19716.499
19889.684
19652.045
19067.206
18562.321
18089.460
19027.901
19724.067
19297.414
18643.349
17715.117
16928.506
17016.758
17888.896
19216.826
19002.227
18335.068
17404.790
17401.877
18643.768
19064.596
18435.644
18449.161
18809.544
18978.647
19201.024
19896.535
19358.414
17987.026
18347.140
17481.700
15399.074
14808.943
14596.952
14772.680
15563.336
15692.021
17217.979
19501.665
20387.218
18907.699
17973.319
18786.221
18991.901
18241.026
16744.873
17812.331
17000.079
16514.394
16302.548
17000.907
17638.879
17357.830
17755.160
18059.565
20933.769
21297.952
21131.909
20817.718
