17703.080
18668.681
19570.854
19981.431
18547.464
17463.567
16945.630
17653.963
16881.480
15179.410
15699.139
15492.571
17262.916
17866.483
16977.785
17411.334
18509.008
17650.894
17489.961
18065.079
17486.185
18482.575
19490.119
20357.473
21020.931
20409.109
18542.984
18081.509
18164.752
18335.692
17034.037
17720.823
19262.229
17129.336
17051.186
16926.887
18536.605
19285.331
17912.653
16613.236
15149.208
15484.581
15033.353
16059.301
18964.525
17357.504
17517.696
18714.753
17710.323
17127.993
16362.667
17751.292
18381.100
18162.519
18775.963
19285.681
19666.289
18501.208
19791.264
21442.355
21021.780
20611.757
19452.305
19248.528
19418.487
17774.386
18821.629
18874.045
19682.758
18542.104
17320.370
16309.155
15848.234
15798.799
17191.595
17557.870
16204.799
16647.696
17737.185
18577.999
18335.145
17451.624
18203.912
18004.112
18119.755
17342.236
16565.020
14618.293
14450.392
14363.699
16397.657
17583.908
17226.219
17756.773
17395.663
17157.415
16264.417
17276.738
18021.918
19245.286
18362.904
18309.451
18118.554
17208.160
18872.087
18785.883
18975.480
18318.478
18758.144
18400.621
16637.719
17186.841
17471.507
16048.990
17549.933
17580.751
18009.280
17159.511
16345.836
17005.343
16692.127
15959.240
15794.151
15665.209
15767.128
15063.191
14555.959
14928.087
14914.860
14661.936
14260.050
14250.607
14168.728
15242.142
15560.113
15801.678
16386.037
16025.913
15012.550
15167.077
15920.973
17294.394
17322.298
16263.176
16349.006
15890.899
16845.125
15784.100
14762.208
14100.166
13933.749
13746.835
14001.152
13323.497
15023.255
16419.920
15738.847
16118.991
16996.150
17647.282
18297.175
18326.492
17319.158
16496.302
15703.427
15147.351
14710.912
14900.781
14668.867
14983.477
14654.409
14548.978
14080.054
13912.870
13924.304
15541.178
16474.146
16860.107
17866.457
16085.352
15756.789
15727.619
14850.610
15437.693
14935.658
15205.600
14966.072
15455.856
15776.231
17086.118
16598.752
16958.544
15415.123
16432.574
17755.398
16507.509
15680.981
16546.648
16484.379
15834.703
15336.056
14734.993
14936.770
15640.580
15319.858
14751.663
14533.411
14179.824
14843.284
15537.455
16579.047
15726.343
16232.172
15816.537
15576.208
16040.156
16027.182
16341.953
15458.195
15224.657
15977.090
16798.660
18696.963
17425.110
16581.045
17370.238
17353.171
17708.728
17299.968
17659.678
17476.810
17827.931
16990.083
17693.141
18595.660
17166.933
17511.437
17223.231
18354.893
18433.054
18477.167
18517.032
18997.879
18727.571
20250.786
20801.440
20030.548
18174.990
19154.259
19436.557
19704.765
18690.434
20221.810
20139.012
19764.793
19544.853
19283.523
20428.816
20862.114
19696.890
19262.828
18357.471
18393.035
17814.252
17896.929
16662.304
16539.712
16895.771
17842.115
18493.733
19579.902
20589.753
21397.969
20710.238
18617.564
17490.561
16802.826
17183.538
17096.557
16352.444
15855.598
16591.168
17534.186
19239.217
19908.047
21155.348
20831.820
19886.490
18834.195
18722.728
19413.671
18678.502
19393.255
20642.023
22119.958
21319.034
20903.156
22129.007
23280.366
20521.952
21219.028
23441.912
23012.242
20636.215
21299.049
20592.423
18650.955
18471.131
18185.668
17318.391
17589.310
18691.972
19269.912
17705.595
16895.121
18295.149
19634.323
20541.259
19560.153
21148.860
21251.265
19751.789
20181.362
20448.285
20295.066
18374.498
19268.075
18366.543
17768.775
18039.935
18344.018
18999.551
21372.669
21620.548
19644.671
17644.150
17556.128
19869.226
20511.340
20785.583
20277.321
21453.341
20226.434
20529.619
22771.230
20969.202
22046.328
21756.117
21192.796
18589.913
18167.747
19108.665
20085.955
20181.490
18992.635
18522.981
18657.020
20153.052
20193.280
18613.235
18015.043
18281.658
18560.995
16115.529
16060.401
15611.321
