16798.555
17605.076
17685.259
16636.081
15905.511
16963.501
20044.854
19462.236
18361.583
17225.598
16107.945
15306.880
14383.715
14694.026
15809.921
16306.636
16052.573
15661.953
16695.506
17676.183
18154.781
17986.457
18965.565
19024.014
18721.242
18691.276
20939.423
20214.497
18595.539
19024.402
18797.208
18943.391
18868.429
18011.913
17370.238
19007.289
18969.465
18505.355
17796.692
18489.956
19244.868
19104.551
18964.249
17534.416
17678.096
18654.165
18629.143
18676.169
18639.463
18895.439
17882.777
19786.007
19727.494
18376.986
17814.897
17680.935
17418.259
17952.096
18052.998
18492.438
20104.354
20115.072
18849.500
20965.114
22100.937
20937.425
21065.561
21101.513
19940.911
19300.108
18868.371
17543.198
18207.371
17284.327
16145.797
15612.223
16646.399
17140.030
17174.361
15995.211
15609.923
17293.866
17566.434
17688.382
17787.372
19364.086
20847.922
21480.748
21335.547
19206.422
19765.675
18161.179
17586.598
17413.297
19158.743
18100.928
16035.345
15869.686
16345.236
16450.699
16422.005
17804.179
17205.446
17222.034
17506.989
18012.352
17576.502
16527.335
16764.431
17591.937
16794.224
17095.507
17467.163
16723.548
17188.906
17670.976
17390.889
17765.349
17673.729
17570.103
17515.640
15758.224
14916.496
16202.544
17256.649
16058.453
16164.608
15928.308
15720.049
15978.110
15557.165
15811.850
14703.136
14556.208
14839.169
15345.522
16468.948
16216.033
17011.175
16851.627
16474.594
17390.649
17983.208
16317.112
15806.935
16222.754
17542.408
17629.719
16480.533
16187.910
16482.498
16273.274
15485.162
16357.205
17824.971
17590.944
18506.749
19482.950
19782.790
18923.723
18300.034
16335.943
14374.277
13960.494
13553.397
13293.130
14469.290
15086.049
14046.867
14698.010
14951.237
15630.298
15123.263
15896.053
16076.364
16598.061
15261.715
15034.662
15103.392
15782.040
15199.365
16219.194
16977.747
15818.660
14430.124
14948.201
15601.469
15837.363
15651.759
14268.283
13090.786
15619.440
16355.663
16639.227
16490.128
16312.379
15604.429
15833.707
16244.565
16071.136
16158.814
15889.438
16050.624
16857.395
17412.101
17326.859
17456.166
17721.755
17550.363
17093.873
16966.866
15921.036
15764.490
16002.014
16093.404
16240.502
15253.861
14655.512
16152.933
17566.732
17387.890
16507.870
16080.556
16273.850
17417.428
18015.334
17106.076
15157.078
14008.577
14029.625
14128.168
15866.622
17430.625
17972.798
17345.770
16387.156
16019.171
15677.887
16238.072
16676.031
16796.347
17377.310
18825.493
20456.718
18946.772
18062.591
18017.677
19582.877
20100.443
20245.338
19531.031
18956.965
18730.949
18158.885
18986.433
17247.702
16493.120
17257.813
17716.567
17648.781
18563.379
19506.743
19337.945
18659.209
19692.520
20352.701
19382.917
17748.062
18806.952
20678.091
20520.348
19502.367
19387.574
19632.181
20110.092
19460.263
21040.556
19793.333
19549.040
19641.447
18557.766
18386.891
17298.740
18014.678
18475.122
18886.946
20257.808
19263.758
18171.763
17617.458
15901.766
15420.098
16875.548
15646.394
15585.756
14769.355
14835.127
14947.072
15342.902
17571.099
17693.675
16180.800
16156.004
14720.968
16012.670
16319.976
16649.441
16989.294
16867.879
18784.109
18168.499
18661.270
20010.628
17978.136
17261.976
17427.860
19519.151
18578.344
18663.749
18043.291
17629.128
19487.306
17913.437
16047.030
15321.267
16222.327
16667.215
15435.983
15869.331
16355.699
17029.152
19133.943
18404.621
19113.436
19512.399
18354.872
17333.319
16674.374
15525.442
16141.448
16484.975
16013.967
17439.739
17539.988
16966.039
15582.089
14445.780
15203.547
14599.606
15147.128
14648.753
13159.308
13478.633
13568.603
14334.298
15042.762
14886.260
14983.829
15402.730
16181.605
16239.655
17270.633
15395.179
14332.357
14174.768
