14599.375
14902.742
13699.086
13133.403
12422.659
12609.221
13174.961
13525.211
13521.864
13655.077
14315.641
13956.134
13924.374
14031.719
15325.174
15848.731
14921.715
14268.204
13896.873
13929.195
13686.368
14280.590
15454.048
16223.270
17281.376
17152.446
16767.259
16974.887
16366.434
15448.462
14370.732
13347.178
14046.861
14812.219
14174.783
13706.828
13025.004
12479.137
12257.287
11884.937
12277.809
12222.400
12698.940
12632.697
12635.183
12141.668
13987.460
14036.859
14788.945
16405.944
15977.856
16554.721
16122.996
14775.698
14790.700
14415.556
14811.999
16865.946
16272.721
16886.630
17106.889
17793.723
17810.621
16231.295
16033.278
16293.373
17101.046
18025.334
17369.052
16324.344
16366.610
16314.069
16883.546
17472.940
18373.100
18978.079
19094.606
18166.309
18319.479
16910.753
16621.930
17525.392
16812.687
16925.086
17329.613
17460.643
17606.266
16821.093
17753.914
17835.431
18535.529
17278.895
17910.265
17216.908
17098.395
18588.049
17337.542
16937.573
16544.560
16894.303
14835.217
16630.872
17614.537
16445.254
16739.498
15534.620
13554.942
13975.998
14394.373
14277.443
14535.943
14397.204
14467.843
15542.008
15858.295
15767.079
14443.524
15917.159
16644.866
17857.462
18716.970
18058.337
17630.862
15244.078
14878.707
15113.077
14208.109
12761.733
12553.317
13315.285
14687.619
15527.438
15536.095
14019.751
13305.867
13673.444
13856.639
15038.048
15433.889
15326.987
16704.013
17068.758
16000.018
16676.250
17770.239
16007.764
15421.395
15460.376
15852.500
15357.670
14111.384
14021.194
13258.682
15102.994
16025.406
15252.032
15627.105
16805.428
17046.565
16098.396
16392.778
17807.469
19573.302
19130.440
17695.040
17032.331
16973.235
16987.801
16254.453
15357.090
15463.349
14209.543
14589.063
15500.873
16155.649
17621.120
17750.802
16878.517
17417.357
17522.602
16945.525
17242.592
18361.809
18455.592
18417.904
18051.595
17489.519
17289.307
16539.250
17149.073
17298.472
16542.317
16426.617
14324.291
14025.514
14160.715
14211.568
13844.255
13936.508
13342.701
14687.591
15056.526
15361.617
14843.095
15451.053
16421.789
16675.878
16704.065
16821.037
16988.436
16029.410
16549.644
17626.230
17665.775
17544.698
18036.412
18202.207
17180.925
16961.192
16974.892
17940.210
16789.826
16965.424
16949.631
14750.368
14177.127
15151.964
16498.010
16809.592
17363.981
18078.116
16676.640
15398.709
14695.411
15758.637
16741.951
17706.462
18708.146
20029.526
19694.813
20858.886
19651.707
19801.502
19624.408
18696.811
18178.171
18975.163
17884.455
18799.101
18210.955
17205.294
17505.151
18062.814
17143.534
18136.893
18754.043
18265.042
18077.397
19090.255
19097.536
18306.512
18058.787
17994.209
18380.103
18898.397
19403.702
19901.544
21239.014
18835.989
18073.406
19171.741
20064.758
19856.741
20765.772
20098.328
20680.633
22087.146
21379.880
21284.189
20667.046
18757.787
17367.944
17858.484
16807.626
17642.061
19264.341
19020.827
18254.850
17676.708
18799.657
19032.012
19178.342
17944.724
18142.514
18342.227
18849.915
18677.452
17854.346
18505.134
19958.917
21076.068
22266.220
21331.168
18887.512
19789.943
21278.867
21831.918
21175.465
21613.832
21918.866
23230.103
21581.131
18901.066
19532.188
19961.602
18805.806
20566.533
22372.725
22293.515
20998.880
19764.965
18321.987
16433.979
17866.948
17980.908
17370.580
17747.475
17415.849
17855.869
18155.329
18210.542
17865.797
17819.155
17976.695
19558.121
19298.015
19815.045
19426.640
20584.622
20465.584
19637.356
19231.038
17871.343
18068.397
17901.529
17884.040
17282.992
16847.809
17098.664
16878.584
17106.246
16899.691
18145.743
17396.108
17270.129
16297.008
17037.671
18179.718
17834.049
17937.670
19050.291
17626.858
17978.110
17841.416
17251.441
