20665.105
21085.630
19592.486
18413.612
17444.081
17942.767
19101.241
19271.439
19259.491
19982.265
19054.615
18887.679
16665.495
17044.402
15797.776
16280.249
16648.886
15374.318
13495.760
14752.312
15976.783
15572.037
14312.655
16559.843
17392.514
17008.389
15408.824
15177.646
15845.200
15781.609
16268.326
14572.277
14084.381
15002.537
16533.522
18153.488
17513.668
16318.116
16158.164
18189.719
17383.574
16168.398
17307.897
16714.716
16915.390
14878.401
15323.381
15034.314
16387.138
16933.367
17771.733
19127.575
18025.484
18183.962
18342.844
19069.625
20545.733
18742.209
18450.541
19819.023
18347.571
17760.777
19147.913
19025.538
18680.298
18926.150
18209.958
18102.861
17027.348
16369.260
16936.131
17206.966
18351.570
17711.722
16432.671
16910.999
18262.817
16746.544
16547.016
16046.967
13978.919
15190.869
15691.510
16094.170
15807.838
15938.005
15280.537
15097.748
16133.702
16934.638
16673.199
15691.645
16472.848
17350.308
17333.943
17583.759
16329.571
16090.422
16985.190
17382.480
17316.932
17486.642
17408.326
17644.871
18067.840
17615.557
17312.110
16935.466
17125.103
16736.560
16592.544
15239.144
15219.371
14925.971
15916.153
17438.782
19825.625
20833.049
18010.879
18471.742
18109.789
17929.884
18002.557
18093.583
17959.212
17252.318
17408.026
17567.975
16475.818
16067.586
15747.732
15339.371
16278.755
17662.428
17971.329
18853.388
18821.037
18220.090
17983.741
18220.992
18641.356
18826.711
19091.115
18330.772
18218.379
18692.020
17289.945
16361.951
15393.952
14893.236
14009.170
15451.439
15962.093
16015.869
16126.132
15860.468
15501.845
17217.476
17482.245
17566.414
16848.514
17117.471
16964.057
15899.587
15200.534
14138.232
13740.126
15014.350
15563.719
16726.437
17832.813
18193.145
17661.836
16884.711
16581.610
16129.610
16890.817
17552.833
17198.275
15313.807
15996.229
16113.639
15635.301
16244.587
16224.869
16827.434
17408.605
17934.858
18538.493
18081.136
17222.836
16891.847
16432.488
15150.057
15848.209
16222.227
16729.194
16176.124
16918.766
17090.162
17031.120
16933.545
16559.494
16457.270
15301.495
15686.013
16863.499
17235.452
17175.784
16077.292
16201.822
16511.820
15969.134
15572.085
15842.744
16805.893
16915.895
16273.297
15799.556
15356.553
15806.533
16095.330
15377.289
14745.585
15113.826
16458.732
15292.547
15574.488
15669.263
15798.503
16032.602
16847.989
17752.527
16689.817
16153.888
16111.133
17182.062
18677.527
19083.535
18929.274
18729.376
18106.163
18166.841
19471.703
18811.573
18307.672
19261.478
18016.272
18127.417
18687.276
18695.522
20083.651
20123.702
19546.527
19027.524
18530.942
18468.733
19814.495
21010.900
20716.716
20886.327
19671.958
17665.193
18014.759
17171.567
16823.316
17333.343
17046.003
16658.543
15961.619
16085.175
17748.172
20431.050
20170.370
17906.728
20285.639
22983.605
23671.011
22610.841
22115.942
21331.495
21608.603
19793.568
18609.821
18079.319
19200.852
21350.090
22447.495
20577.177
22086.880
21850.508
21030.293
20169.875
20429.178
22104.564
24148.849
24625.430
23470.704
22606.750
20293.877
19613.298
19359.574
19697.662
18664.994
17629.479
18861.141
20499.487
19721.075
18446.513
19085.144
19604.262
19981.783
19948.984
19044.050
17974.342
17892.246
18390.472
17396.398
18074.851
18321.364
18848.685
20210.728
19135.550
19138.764
19781.116
20583.741
21099.242
18731.959
20424.146
19706.008
19977.709
18384.908
16491.555
15985.847
16738.510
16220.630
16265.271
17134.047
18720.800
18025.565
18081.366
17809.912
19060.193
19149.152
19503.585
20486.929
20176.578
18273.771
17749.553
17663.612
18724.510
19055.730
18476.497
19409.915
18325.269
18273.344
19097.573
19580.278
19669.690
18195.491
18606.982
18582.135
17597.235
16398.793
15118.632
