14817.971
15808.298
15867.351
15117.833
15848.736
15063.518
15954.982
16162.322
15454.073
16494.434
16641.449
14771.859
15147.650
15103.055
15344.178
15523.058
14833.273
14123.127
14373.143
15154.388
15969.397
15990.228
15479.971
15874.404
16635.653
17663.662
19210.680
18258.783
18278.716
18671.344
18148.284
17407.662
16247.939
17176.818
17192.835
15824.144
16382.090
17033.725
17557.026
17913.824
17320.458
17298.485
17628.394
17433.897
18828.043
18713.508
18196.980
17518.660
17393.998
19514.271
19334.354
18732.056
16630.092
15426.438
15292.519
17225.951
16928.501
15997.229
16582.250
16395.138
17579.264
17458.444
16738.232
16121.065
14521.261
14765.779
15466.493
15022.437
17126.780
18505.593
18232.891
17019.374
15449.774
15837.302
16825.794
16160.649
16173.473
16234.397
15653.523
16277.220
17973.038
17876.479
16465.885
15362.371
16178.930
18543.492
18600.544
17550.824
17576.763
16640.398
15444.512
15945.185
17873.709
19361.215
19464.433
18275.101
17606.903
16829.768
16441.689
16729.410
17257.395
18629.839
17314.480
17642.711
17037.327
15690.911
16026.972
15954.146
16477.594
16443.873
17403.879
15135.714
15588.700
16680.079
17796.091
18035.451
18571.137
18827.133
17636.332
18498.294
17021.956
15166.860
16003.003
15611.005
14130.565
14732.222
14854.868
14683.578
14452.278
15678.932
17081.758
16056.158
16461.227
16728.920
17314.750
17834.064
17932.856
18106.255
18396.279
17976.534
16239.069
15842.215
15391.059
15734.420
15275.563
16071.070
16706.594
16417.903
16921.311
17239.594
16797.186
16366.721
15729.110
15179.242
14935.352
13999.997
14988.298
14997.038
14150.975
14197.795
13929.764
15090.660
15146.249
14561.073
14646.111
14366.338
15234.683
15372.536
14821.826
15149.223
14601.431
15634.448
16156.505
17443.767
17808.421
16104.057
16263.401
15641.248
15472.351
16741.583
15958.661
15759.695
15688.667
15009.149
15295.495
15629.017
16041.482
15972.064
16705.107
16522.291
16348.259
15302.470
15503.031
15959.430
16640.191
16312.058
13887.238
13242.054
14181.108
13885.689
14350.301
14999.241
15621.913
16238.728
16266.031
16354.428
15978.571
15525.782
15231.696
15709.649
16059.713
17086.532
16170.460
16573.542
16991.657
16043.303
16622.255
16198.547
16412.558
15991.811
15754.353
16748.221
16931.254
17080.872
16764.037
15878.229
15304.108
15072.490
16343.445
17510.958
18475.101
17747.457
18027.162
18107.033
17697.606
17858.612
18313.062
20135.607
20267.331
18736.145
18450.802
18304.042
19080.816
18660.356
18835.283
19203.810
20064.398
20112.450
20576.310
20090.083
19112.397
19986.746
20395.900
20373.754
20381.791
19091.251
19141.321
18526.890
17292.416
18077.293
19251.365
18655.861
18538.345
19076.383
19477.508
18918.320
19302.966
18472.221
17589.738
17059.064
18730.906
19402.054
21114.362
21609.745
21812.603
20054.020
19436.824
19653.741
18210.599
18244.146
20689.847
22489.052
21541.521
22869.735
20475.666
19647.161
18320.840
17364.384
19538.403
20437.770
19236.644
17545.625
18191.888
18224.876
17599.801
19448.700
18733.426
19464.519
23426.966
24059.338
24274.883
22639.447
20680.132
20095.026
20178.954
20577.028
21847.598
21965.478
21576.774
22327.602
22628.121
22389.715
21583.194
19166.579
18536.473
18448.574
19767.391
19400.535
18395.700
18684.977
17658.701
19450.713
19938.158
18344.135
17061.741
17242.402
16427.295
17807.796
18153.848
18308.541
17614.493
18147.456
17989.556
17235.354
17659.834
19483.028
18878.896
20315.398
19708.274
17873.653
17350.162
17745.264
17752.033
18675.503
18435.268
18368.559
18062.242
17352.013
15128.653
13920.775
14198.581
14243.652
15169.446
14546.080
16305.123
16849.581
16247.086
17501.914
17641.966
18127.680
17693.600
17090.970
16379.759
15671.663
