18060.983
18490.949
19507.012
22518.496
20257.532
17516.685
17473.571
18443.199
18357.853
18324.170
17055.929
16838.563
17941.556
16386.820
16650.149
18324.559
19444.631
20184.547
20673.023
20813.290
19844.781
18309.633
18353.569
18217.412
17667.981
17152.231
16833.769
16524.345
14499.569
14110.112
14523.033
14013.290
15535.774
16405.352
16841.913
16206.970
14526.634
16837.332
17336.950
15721.180
15966.312
15443.713
15612.005
15199.313
14557.576
14326.712
14351.737
13487.038
14448.050
14374.799
14920.255
17114.385
19134.598
17777.574
16928.721
15641.560
15876.088
17503.329
18498.897
18137.524
16394.575
17891.792
18805.171
18807.929
19200.604
20040.823
20713.970
20483.297
20653.476
20057.148
19362.086
18038.290
19184.241
17728.772
17595.843
17838.069
19611.960
20221.529
20267.890
20050.000
20091.464
19633.803
18303.908
18700.573
18281.759
18262.671
17672.074
16418.140
15160.976
14865.104
16832.995
16985.438
17667.638
17666.390
17280.235
16632.946
16739.033
16829.850
17111.669
17298.172
16288.932
15934.597
16852.887
16897.640
16260.498
17349.880
17484.048
17081.708
17651.991
17121.737
18033.968
18288.507
19115.084
20278.075
20322.678
19281.845
18655.856
17739.405
18343.156
18111.457
17905.124
17346.509
16405.556
17087.518
17904.403
17472.855
17005.052
16199.715
16588.028
15660.556
17004.985
17326.933
18489.851
18225.511
17379.286
16175.904
14986.780
14814.827
14991.641
15874.336
15272.508
14895.474
14723.095
16480.578
17597.270
16538.914
15603.942
14953.015
14798.425
13790.236
13637.969
13934.742
14233.621
14287.297
15179.620
15347.690
14595.207
13979.983
15217.607
14967.383
14475.601
14354.939
15285.842
13335.387
13533.286
13007.030
14629.549
14578.892
15614.892
14711.296
14899.259
14919.592
14930.748
15155.252
16356.501
17523.225
17433.251
16293.138
14782.854
15251.374
15676.331
15668.313
15564.631
14725.226
14146.078
14791.278
14668.178
15066.111
14886.082
14379.745
14332.322
14423.397
15286.087
15477.543
14748.872
15011.460
15562.782
16464.349
17164.068
17002.369
16347.085
15816.298
15467.824
16204.033
16863.889
15101.005
15084.701
14571.794
14450.806
14429.853
15190.383
15412.291
15497.657
15248.831
15166.152
15388.977
15872.181
17150.072
17955.992
16589.394
16094.816
15095.343
15352.059
15389.586
14631.636
16157.203
17221.898
17496.772
17979.855
17935.292
16894.471
16896.233
16520.389
18031.701
19192.142
17613.490
18045.233
18987.974
18222.921
17358.685
17468.692
17388.507
17574.902
19662.029
19289.709
19915.399
20507.389
19793.942
19601.776
19062.066
18775.565
18869.951
18012.172
19066.310
20497.615
19792.940
21358.745
21031.856
20521.544
20038.305
20526.482
20520.852
20020.207
19386.832
18323.681
17680.254
17493.975
18443.003
17744.548
18060.684
18522.727
18621.621
19241.971
20493.020
20998.146
19391.913
19019.865
19974.650
19269.321
17769.689
18932.490
17878.998
17490.953
18058.019
17282.607
17423.178
17945.013
17591.095
17784.965
18428.287
18881.673
19206.640
18679.820
18851.963
19126.505
19236.804
18549.686
15737.364
17724.056
18891.886
18769.683
17934.267
19116.996
20035.171
19345.093
17593.459
15207.784
16473.912
17401.313
17760.536
17495.444
18032.029
18662.866
18805.705
18998.468
19531.243
18897.430
18969.557
19318.675
20461.714
20363.481
19887.805
17444.870
16693.996
17331.141
16453.132
15840.955
17284.359
18019.516
18355.240
18523.314
18616.082
19321.253
19516.020
17531.855
17396.850
17762.731
18074.776
18276.760
19684.217
20222.182
17523.957
17266.285
17165.132
17692.674
17628.003
16544.279
16513.720
16942.484
16531.757
15444.527
14817.937
15904.503
14640.573
15160.126
16435.893
17551.216
17339.928
16704.265
17458.335
16334.552
16259.419
16379.414
16921.852
17347.941
17128.552
