14848.301
14643.003
15766.186
17297.677
18231.934
18449.149
17083.256
15841.731
16296.244
17793.942
18593.791
17825.740
16635.091
17416.573
18159.118
17718.407
17173.794
16481.176
15989.857
16491.891
16233.937
17119.993
19316.072
18841.356
16161.811
15033.981
14333.595
14634.729
15203.035
15953.977
16029.273
15820.783
17979.888
18001.233
16547.216
15026.094
13277.528
12584.775
13769.524
13995.479
13646.662
14437.091
14551.136
15087.209
14559.389
14554.854
14336.284
15257.261
15761.737
15924.833
15381.335
16489.376
16049.772
16150.424
15056.915
14577.527
16132.316
17543.905
16238.799
15444.396
15441.115
14908.668
16878.828
18148.467
16505.926
15936.604
16096.323
18161.461
17877.341
17664.358
17233.961
16616.967
15953.678
16296.023
15433.264
14888.225
15718.703
15849.435
15734.708
15743.938
15965.086
15533.871
15071.883
14714.626
15110.516
14929.487
14005.160
15012.085
15361.199
15355.972
15242.034
16002.044
16829.566
16807.781
17077.273
18369.387
17729.994
16688.715
16095.370
15293.062
17413.206
17799.356
17195.663
17417.862
17734.486
19495.557
20015.492
18948.480
18716.482
19380.044
18793.596
16888.835
15575.240
13432.418
13658.325
14402.380
15121.574
14655.729
15526.750
14988.468
15054.069
15268.343
14989.366
15479.546
14180.967
14548.233
14885.142
14246.372
15978.478
15854.307
16221.606
16406.019
15385.640
14944.038
14816.701
14782.221
16586.069
18654.186
18287.643
17787.348
18060.151
17959.404
19239.618
19806.879
18324.177
17069.340
16850.966
16746.104
16858.081
17425.480
17840.218
19254.507
18532.353
17347.899
16480.643
16670.583
16768.445
15531.537
16350.460
16002.725
14138.211
13129.824
13759.932
14550.534
14277.315
14883.614
15624.138
14355.413
14970.217
15848.889
15846.771
17537.728
17340.535
16507.986
16684.516
16853.121
16540.286
16882.187
16328.359
15712.279
15103.393
15794.648
16520.855
15935.717
15331.358
14528.200
14433.542
15325.629
16027.176
15871.782
15477.730
15322.332
14622.470
15624.478
16492.340
16958.920
16092.797
15802.697
16509.035
16669.883
16585.754
16346.562
15994.234
15643.139
15636.521
16041.082
16879.678
17169.642
16875.229
16549.374
15633.221
15257.097
15370.360
15372.877
15483.912
15047.800
15435.696
15137.172
14792.867
16080.429
17723.217
16949.383
15192.010
15094.874
15150.107
15192.691
15193.286
14668.060
16448.742
17170.755
17191.398
17092.588
17133.273
17037.651
17678.877
16390.622
15907.171
15967.243
15534.244
16371.610
16092.016
16097.116
16253.173
16755.493
17203.782
17630.815
17714.640
17790.647
16924.419
17642.791
18778.173
19704.129
19420.417
19598.502
19883.037
19444.731
19000.519
18657.107
19582.878
19143.454
18677.166
18377.548
17756.126
16435.079
16395.905
17829.900
19914.765
19121.701
17538.425
16858.249
17430.397
18523.673
19865.122
21644.210
20737.925
19746.279
19627.902
20535.970
20674.075
20950.322
21026.342
20581.251
20187.077
19386.581
19071.911
17770.660
18679.145
18990.182
17747.583
18382.038
17565.259
17190.550
19391.240
20181.998
20010.365
18696.011
18043.959
18244.897
19839.791
19941.826
18334.093
17619.826
17384.432
16506.724
16395.958
17715.417
17880.288
17374.725
18320.320
17902.852
16445.703
17048.520
17034.899
16323.535
15754.218
16302.273
16664.352
17428.807
19118.424
19143.481
17976.462
16388.210
17585.711
18318.493
18215.837
17577.472
18687.028
20025.929
19991.761
19678.419
20849.308
22011.543
20647.214
19222.058
18329.780
17382.826
18072.096
17770.588
17722.322
16619.590
14996.957
15548.693
17485.336
18878.466
19492.511
19200.726
18715.715
19313.666
20236.982
21086.284
22842.309
21834.108
20846.563
18662.653
17921.681
17197.873
17641.881
18226.784
17051.056
17408.484
19952.588
21342.690
20613.093
19615.536
19803.918
19262.759
