18213.173
18749.345
18304.030
17300.845
17603.633
16898.750
16328.748
16806.833
15671.971
15086.445
15578.821
16635.515
16795.138
17134.953
17002.930
16444.131
15421.567
15677.967
16792.946
17838.259
18593.883
16657.546
15913.277
15488.607
14825.429
14248.432
14429.483
14721.989
15495.410
15850.107
15750.395
16669.480
17926.853
17898.541
18034.805
18182.704
19478.887
19525.676
19563.766
18780.927
19734.969
19607.174
19130.697
17593.458
15784.623
15491.213
15515.077
14834.531
14304.863
14105.210
15535.460
16089.969
15139.570
15342.268
15366.847
14743.101
15632.276
15679.832
15361.992
13975.798
13253.082
13141.395
14548.112
16350.204
15981.086
14840.836
15192.340
16187.585
17352.772
17031.797
14851.478
14505.117
14973.115
16477.278
16575.621
15904.805
17584.176
17328.434
17223.886
18716.757
17416.990
15519.241
15782.865
15618.555
15802.665
16206.362
16496.864
17501.342
16984.407
16861.838
17073.969
18280.761
19018.701
17183.812
17609.360
18499.942
18139.855
17819.923
17786.709
18452.240
18265.820
15475.738
15547.423
16290.363
16864.816
16882.725
16495.837
17172.450
17194.392
15810.349
16871.589
17466.264
17816.145
16607.789
16910.374
18209.907
19733.530
19955.964
19692.412
19418.171
18916.773
20900.040
21711.926
21491.048
19991.115
17708.634
16973.189
15498.931
15497.677
14853.307
15410.215
15557.635
16094.994
16437.838
14470.173
14205.110
14586.753
14536.288
15019.617
14579.990
14853.862
15216.145
15287.269
14695.440
15348.017
14525.351
14661.393
14723.281
15605.885
15079.483
14323.831
14298.672
13421.618
14204.987
15820.703
15525.554
14997.286
13712.204
13387.038
13300.433
12408.005
13377.857
15146.339
16337.374
16519.596
16790.049
17401.810
16107.706
14126.341
14054.571
14446.751
14801.103
15030.716
14187.477
13875.780
13590.579
14710.212
15324.944
16456.782
16837.594
16045.740
16286.601
15622.266
16163.078
17421.493
17483.537
16679.343
15823.820
14568.493
15101.058
15765.279
15772.300
16345.035
17081.652
15692.375
15406.544
14681.232
15453.405
15008.748
15492.325
14423.177
14509.039
14153.562
14705.268
16574.194
17925.934
16363.846
15764.833
15240.765
14548.154
15671.283
16427.826
17110.692
18186.411
17463.162
17131.885
15891.791
14968.669
13845.875
13476.008
13383.608
13768.807
14197.834
14691.874
14926.659
15224.913
15702.856
15240.073
14857.460
15758.221
16143.824
15465.420
16142.773
15344.758
17347.334
16071.147
16465.135
17022.494
17237.055
16015.296
14742.279
15515.379
15609.028
14817.011
14190.794
14397.490
16305.685
17794.289
19105.339
18285.929
17416.713
16499.902
16133.892
18235.172
18750.410
18216.955
18309.796
18350.465
19502.850
19403.206
18115.349
17789.529
17504.841
17982.024
17904.830
18439.397
18445.084
17937.882
18301.022
19178.587
19725.831
18365.014
17877.275
17118.031
17574.031
16869.415
17250.958
19044.736
17626.778
16116.830
16791.223
18072.686
18756.539
17450.438
17176.533
16066.539
17762.268
18970.825
19472.523
20077.059
18792.185
18642.161
18114.862
18563.927
19090.427
20393.663
22314.624
21454.946
21954.721
20953.549
21782.985
19977.431
20286.578
21491.085
22142.644
21816.141
19278.367
18033.414
18097.343
17268.902
16691.839
17397.043
19308.983
19032.971
18592.604
18535.026
18415.511
16846.152
16276.971
16612.617
17004.525
16679.163
16279.310
15978.683
16850.896
17272.742
16966.491
17373.322
17357.969
18274.071
18020.921
18383.703
17009.953
16370.593
16646.747
18017.327
18492.354
16444.072
16773.208
17440.963
16819.314
18182.518
19111.834
17559.289
17564.097
16597.975
16481.243
15434.143
15637.023
16389.968
15317.745
15606.714
16368.073
17328.380
17882.067
18383.954
17916.083
16863.538
18176.507
17193.507
15430.496
15011.352
16099.630
15407.421
17109.127
