16535.537
17562.828
17676.658
18232.270
18010.039
16845.299
16351.722
16596.529
16505.666
17893.722
17450.177
16856.329
17456.650
16848.911
16732.548
16250.079
16314.305
16220.668
17948.799
18404.833
17528.895
16664.112
16483.461
16486.208
16861.983
18759.202
17039.470
17346.827
16109.380
17104.716
16648.188
16074.288
16104.967
14555.064
16702.254
17061.300
18585.516
17750.542
18229.638
17813.217
17163.333
18235.317
16801.007
14296.682
13571.429
13112.169
11855.683
12752.246
13764.694
14921.401
15437.420
15451.974
15601.082
14879.228
15856.867
15556.909
17242.116
18303.257
18908.373
18459.198
19427.699
17879.099
17714.563
17120.427
16441.629
15793.998
15513.873
14482.953
13311.417
12856.041
14670.521
14935.050
16304.553
17443.437
16997.875
16167.018
15743.154
16000.957
14832.632
13964.436
14702.756
15439.792
16617.545
16639.706
18028.724
17570.485
16210.157
16641.344
18281.714
20163.106
19866.729
19213.276
17443.508
17564.589
16336.804
14819.298
14713.897
16701.451
15985.168
16201.587
16016.840
16896.577
18756.080
19287.548
18164.380
18079.416
19556.978
18071.362
18309.376
19016.248
19737.896
19080.746
18306.347
17820.095
18525.502
19170.051
20161.951
19592.236
18248.601
18050.027
17579.311
16970.439
17511.179
16559.399
17163.198
19635.090
19804.597
19910.744
20304.016
21458.239
20561.810
18778.754
17709.612
16820.084
18017.762
18824.247
18486.511
17045.296
15425.648
15989.565
16744.760
15628.869
15380.557
14797.184
13535.432
13860.892
14002.330
14447.931
15667.677
16201.241
15599.674
16426.179
16298.601
16220.643
17564.696
17810.431
17210.325
17403.013
17708.540
18019.477
18120.621
18254.450
17842.101
18339.674
17954.740
16360.637
15445.851
15565.908
16393.851
16668.557
17039.815
16785.482
17029.496
16838.101
16851.411
15081.232
14931.174
15580.732
16079.931
15032.113
14523.405
15088.060
15563.261
14422.096
14177.091
15416.616
15117.710
14242.726
15261.377
16073.483
16289.644
16455.798
15802.272
16242.548
17261.066
17213.820
17697.789
18858.589
18636.323
17492.864
15778.387
15430.317
15884.518
15832.074
15427.543
16232.004
15920.392
15610.642
15803.405
16113.004
16057.076
16197.808
15792.217
16567.898
16083.013
15605.671
15649.172
15899.650
15436.626
15635.305
15465.527
15636.912
15512.727
16918.235
17230.091
17152.056
17369.511
16071.414
15456.124
15994.318
16122.654
15821.366
15948.545
16437.802
14891.844
14810.998
14968.174
15166.518
16869.640
16601.898
16610.967
17719.514
19461.676
17636.929
17774.665
17227.525
18680.645
18549.463
18912.208
18197.044
18696.492
18862.761
18569.190
17676.198
17585.768
17576.924
19023.111
21446.318
22992.715
22428.686
20640.587
19045.393
21034.882
21095.386
20643.731
19584.937
19612.186
20618.314
20857.556
21235.099
21750.584
21663.487
20408.142
20228.832
19774.972
19805.714
21790.255
22661.269
20746.063
19434.327
19281.911
19372.037
19366.662
19255.559
20248.830
21343.102
20392.528
20161.454
19756.246
18852.056
19223.486
17708.523
16285.178
17219.840
16531.371
17010.978
18025.713
20128.358
18564.017
18804.369
18611.326
19983.575
19308.204
19072.716
18558.075
18547.864
19743.618
19183.144
19055.821
18916.163
19602.407
20188.403
18958.373
18093.128
19212.814
18905.737
18956.646
19606.138
20042.652
19069.565
20363.833
21430.679
21208.158
19074.275
18773.874
19148.196
16609.024
15684.722
15492.891
15465.995
14889.331
14795.793
15906.208
14874.163
15645.404
16213.902
16724.815
15971.815
16478.633
16549.942
15876.037
15595.365
15494.429
16190.813
17579.787
16972.635
14996.647
15882.870
17767.640
18124.510
17557.908
17832.164
19573.057
19274.174
18008.942
17532.077
19412.165
19452.962
20102.960
17954.871
17471.989
17489.911
17933.332
17427.554
