17848.500
16702.067
17825.083
18504.686
19242.878
20258.072
18948.834
18162.565
19411.807
19750.457
21016.669
20031.012
17692.219
18760.315
17973.902
17205.442
17311.084
16955.804
16836.822
17170.394
17576.102
17985.771
19747.463
21284.728
20489.490
20791.493
21493.882
19986.957
19364.698
19116.385
19879.858
19305.368
19468.220
20030.711
20097.560
19056.492
17949.160
16962.525
15823.014
15206.175
15331.312
16657.468
18282.498
18476.126
18183.735
17984.064
17465.637
15761.637
14699.780
15551.113
17298.986
18852.863
16770.128
16096.836
16842.546
17824.061
17946.803
17948.113
18022.225
17681.535
17620.788
16633.110
15797.842
15290.881
15286.779
14461.384
15673.243
16145.545
15569.578
16115.781
17272.931
17232.892
17005.265
17597.468
19092.584
16568.904
16817.474
18543.539
19325.010
17425.679
18679.138
17610.550
17613.868
16783.471
16658.715
16737.075
16160.814
15875.545
16757.975
17270.608
16582.619
17317.170
18611.231
16557.828
17310.374
18594.142
18227.241
17954.199
17642.815
18441.458
18813.831
18026.504
19357.522
17613.990
17869.048
15961.164
14889.617
15081.270
15035.599
15821.426
17200.323
16668.810
16895.274
16039.708
16428.468
15479.052
16528.460
16950.681
17246.664
18535.995
19446.126
20455.292
19108.479
17757.525
16335.102
15829.716
16019.455
16999.100
17370.995
16922.751
17912.055
16853.889
16673.831
15593.231
16159.694
14716.171
15733.426
16872.421
16262.360
17565.371
19099.083
18121.726
17398.086
16442.007
15589.719
15442.285
15848.137
16077.617
18169.558
19888.759
18544.320
18274.819
18385.466
17237.387
16431.742
15529.399
15511.574
14806.185
14486.361
15245.651
16773.968
16367.422
16394.425
18018.735
16795.259
15341.263
14678.192
14946.937
15397.760
16133.379
16773.552
15908.625
14597.827
14194.238
14835.188
16065.141
15321.653
13708.692
14922.645
15454.791
16484.339
16925.604
15162.818
15816.539
16556.111
15708.729
16282.229
16791.190
16866.445
15182.139
14111.643
15082.192
15562.387
15813.774
15020.420
14854.378
15169.829
15741.686
16152.060
17054.396
16803.233
16889.151
16440.186
16952.312
16440.885
16142.887
16775.182
16684.479
17243.335
15862.925
16587.106
16777.395
17164.416
17832.780
16656.472
15916.105
16797.847
17684.500
16977.067
16464.007
17399.798
17985.799
18003.913
18325.262
18473.480
18553.785
19482.073
21340.495
19848.100
18706.549
19387.356
19562.913
18333.144
18375.897
19573.350
20772.537
19909.324
18922.677
18715.936
18346.101
16199.708
17315.167
20406.204
21916.447
21308.225
21777.009
20897.502
20919.414
20511.606
19664.589
18493.930
18276.274
18002.952
18346.141
17933.090
16801.773
15922.934
17261.752
18875.762
18938.453
17927.764
17911.254
17875.261
16794.977
16927.381
18863.621
21731.863
21398.291
20061.861
17847.341
16985.514
18637.519
20540.901
19589.576
18966.784
18171.337
19266.087
18675.361
17421.528
18972.465
20063.869
20358.170
22342.241
21752.146
21177.488
20147.483
19754.551
17637.599
18077.407
21063.029
21743.363
20491.442
19091.613
20214.015
17340.290
15706.471
16600.708
18672.556
19007.589
19098.691
19545.758
19044.547
18515.054
17905.139
18975.910
20443.574
22684.188
22040.669
20562.741
20731.805
20769.156
20076.721
17648.560
17455.164
17854.014
19248.624
17688.437
18821.765
21357.832
20801.087
19431.095
19483.980
20254.933
20179.554
19392.041
18679.410
19010.371
20348.441
20262.058
20080.854
19620.722
19934.936
20291.650
20792.465
21555.232
22210.614
22027.265
22068.388
21372.924
21636.059
21023.722
19893.999
19770.333
19598.882
20272.166
19681.785
20615.340
18251.714
17946.035
17515.692
16965.439
17318.597
18094.554
18667.439
19520.170
19526.229
19292.046
18907.999
20315.054
20167.516
19074.733
18896.175
19335.606
18001.890
19914.451
