17371.469
17212.783
15654.558
15807.504
17439.360
17560.677
17783.908
17035.672
15587.357
14822.413
16154.378
14407.620
14562.200
14352.860
15262.973
16535.579
14516.069
14181.235
12505.542
13228.767
15259.560
15280.450
15276.101
16722.803
17481.708
17695.413
18124.827
19098.873
18164.769
17137.240
17245.089
16883.082
17336.182
19199.026
19877.207
20646.695
19832.365
21066.396
21263.116
20183.757
16795.078
16296.074
17337.743
16855.749
18153.212
19611.326
19414.000
19545.393
19215.130
19728.269
20429.284
19922.367
17253.060
17135.184
17297.471
17970.871
17831.190
17648.284
18435.490
18948.204
18999.422
18677.676
18445.865
15545.547
16153.044
16356.966
15774.330
17163.524
17144.181
17677.646
17544.229
17428.679
16717.610
17446.304
17984.921
18275.841
17704.457
16926.499
16419.117
16618.935
16275.601
16893.717
16259.023
17695.897
16715.665
16470.456
16391.583
15634.387
16318.192
17577.659
18047.738
18020.157
17676.402
17332.849
17625.771
19049.270
19492.969
19510.231
18823.695
17065.424
15937.729
15513.397
15605.194
15997.710
15762.338
17844.780
18378.896
18685.377
18322.581
16922.774
15945.342
15615.791
15554.095
14969.505
15082.632
14856.222
15207.953
15131.556
14998.839
16569.209
15798.952
15598.654
16104.999
16101.637
16224.864
17267.019
18486.627
18374.707
18485.146
17000.188
15346.693
15239.856
15218.813
14220.192
15466.336
14894.952
15252.718
15038.986
14950.073
16341.742
16875.445
16558.205
16604.800
16361.591
15923.824
14809.371
14521.307
15355.459
15375.105
15014.491
14394.943
14428.049
14636.917
14478.358
14535.706
14842.423
14426.204
14818.320
15187.509
15455.719
14902.652
14940.973
15943.797
16203.163
15954.548
14613.168
14219.047
15416.857
15637.300
16315.897
16764.551
17916.197
17090.576
15087.225
14573.827
14784.407
15148.476
15335.993
16022.169
16261.261
15345.254
15926.299
15745.900
15370.052
14592.969
14383.183
15217.083
16023.113
16648.566
15771.295
15379.834
14951.362
14801.973
16419.994
16149.852
16854.603
15611.045
16283.329
16962.349
14971.639
13906.773
14777.579
15557.567
16513.681
14719.031
14608.153
14587.847
13838.110
13841.357
13825.050
13430.612
13962.424
14528.952
15421.236
16618.497
16751.071
16730.344
17587.424
16962.004
16150.225
16486.006
18186.051
17546.214
17371.672
16644.367
16126.735
16175.684
16772.412
16176.354
17295.723
16398.849
16464.113
18384.663
18854.196
18275.571
17121.537
16434.113
16830.738
17173.134
17212.850
16682.167
17032.720
17341.181
17321.003
16673.925
16037.054
16961.408
17355.452
19351.508
19102.868
18712.162
18258.604
19103.661
19287.251
17653.601
16851.403
17141.844
16022.429
15393.785
16425.982
16221.311
16481.406
16467.372
18056.854
18838.724
17754.985
17399.443
18760.775
19939.439
18740.239
19276.203
18460.008
18860.491
18950.105
19832.459
19369.497
19339.943
18741.802
18379.026
17394.833
18053.356
17040.615
18387.668
18868.090
18733.206
18047.643
18175.550
17226.642
18175.509
17039.391
15981.040
16363.448
16542.138
18592.508
18964.922
19837.228
18326.989
18432.272
19040.568
18252.677
19376.615
18539.567
17138.074
17408.411
17349.785
18625.305
20837.380
20293.291
19751.867
18623.762
18781.777
19651.656
21254.970
22075.349
19446.825
16889.556
18980.890
19121.761
18860.461
19555.549
19715.538
19945.528
20470.543
21021.354
18088.630
16405.856
17466.715
17290.747
17190.492
18348.597
18695.792
20822.485
20192.410
19844.252
18981.033
19832.312
18816.976
17996.562
16234.767
16148.805
17069.993
16707.761
15875.817
16593.790
17487.202
16072.144
16033.018
16799.045
17605.662
18629.999
19396.234
20050.209
20584.234
21961.745
21573.075
20021.672
20959.629
20674.938
19901.257
20073.288
19255.751
19138.174
18956.435
19843.127
19728.774
20039.618
