12911.699
13480.731
14317.261
14399.154
16451.369
17665.692
17034.083
16598.673
17869.263
17088.768
17106.926
17687.844
18636.142
19515.973
20019.939
19886.265
16771.822
17528.356
17483.229
17101.276
17468.796
17247.508
18207.795
16570.624
16086.326
16011.085
15616.666
16215.359
15660.975
16801.145
15677.804
15131.520
13931.125
15220.819
16332.495
17649.241
17160.740
17427.995
18317.187
16939.363
16521.753
15941.273
16692.227
18999.608
19045.002
18136.129
17926.297
17599.153
15469.914
17040.700
17796.794
17621.468
17548.744
18051.608
17395.303
17754.184
20336.639
18495.429
17947.542
17634.283
17498.681
18950.666
18496.864
19558.266
20048.051
20203.596
18944.933
18529.743
19678.983
17435.382
17098.806
17569.125
16947.114
16336.961
15488.015
16601.938
17227.734
15857.769
15606.385
16587.814
15580.500
15111.014
15401.016
15972.577
16427.896
16062.744
15850.752
16894.958
16683.546
15908.235
15644.488
16312.094
16567.303
16706.283
16700.556
14934.236
15523.223
16064.677
17803.633
19692.326
19876.219
20511.452
20776.853
19747.283
18755.727
19165.234
18369.561
18330.437
18153.216
17640.027
17020.316
16782.156
16824.219
17313.012
18675.008
18473.440
17673.761
17872.604
18501.105
18139.206
16950.093
16324.505
16127.850
16195.460
15124.159
15609.163
15194.445
15122.811
14822.823
14710.424
14730.646
14310.900
17053.169
18471.271
18622.094
18906.754
18909.513
18518.965
18228.826
18287.113
17040.264
15613.033
16890.398
17258.428
17967.740
18598.978
19848.791
19881.750
18832.660
16736.134
15516.057
15710.955
15781.573
15210.959
15261.027
13977.238
14047.239
15081.659
16736.516
15753.227
13854.576
13746.648
14813.382
14399.252
14411.784
15238.871
15418.194
15448.816
15379.616
15982.152
16195.007
15133.271
13933.970
13855.008
14643.589
16440.877
16928.092
16268.243
15621.756
14805.386
14401.235
12964.400
12593.301
12697.340
13231.290
13746.929
15089.454
16277.957
17903.636
18322.146
17891.200
17689.007
15723.043
15031.615
15311.884
16732.817
17295.643
16889.360
16106.911
15808.032
16333.961
17030.765
17143.633
16915.487
16335.033
14974.419
15326.177
15965.867
15607.315
16668.488
17598.104
17058.033
17802.882
18489.207
17928.421
17827.656
17205.416
17301.001
17603.099
17669.788
17318.719
16707.284
17002.863
15734.779
15604.499
14738.276
14008.614
14603.758
15704.812
16773.426
17340.633
16872.694
16686.910
16907.386
16834.400
16962.428
17008.205
17996.269
19051.721
19725.383
19039.075
16963.810
16920.465
17273.386
18069.814
19933.566
20273.225
20115.412
18700.987
18119.044
17439.932
16720.199
17182.762
17054.063
18375.225
17781.718
17120.505
16915.096
17268.867
16508.219
18344.059
19578.246
19342.364
17485.654
17246.148
16884.429
17700.346
17783.965
17707.155
17733.192
18978.085
18883.078
18240.143
18381.666
19606.944
19260.922
19492.217
20042.314
20339.198
21678.126
20373.182
19366.630
19642.575
18591.973
17145.105
17405.147
17640.352
18102.726
19393.985
19189.794
17857.474
17955.168
19137.386
18384.490
17312.802
16885.841
17027.569
18445.390
19582.246
21176.386
21235.162
20870.435
18706.078
18524.501
18228.840
17038.866
16870.585
17385.777
18990.556
19498.693
20601.439
19875.203
18478.640
20008.205
21332.168
20329.590
20594.578
19617.918
20155.213
19450.572
19315.975
19351.267
19384.815
19681.511
17820.851
17449.245
16920.270
17406.554
18864.389
19964.757
20243.208
19810.420
18208.247
18925.804
19456.102
19603.843
17576.773
16614.528
17873.003
18034.794
17879.756
18775.169
19095.994
17727.856
17485.062
17204.416
18010.890
18871.062
19400.831
18979.068
18242.084
19189.999
18760.381
17892.195
18503.105
17824.757
17949.039
16701.661
16228.337
16802.340
18200.115
17503.172
16695.231
17284.559
18226.577
