18135.036
18169.554
17895.836
17738.980
16787.546
15922.558
16049.817
17028.344
16884.968
16817.893
16882.994
16132.536
15098.584
16336.176
16588.311
15284.556
16220.202
17614.113
18782.819
18943.690
18099.267
18916.143
19126.237
16817.060
17089.001
16924.604
16662.774
17704.210
16945.885
18315.690
17284.081
17476.624
18201.302
18717.685
18319.399
17149.695
16403.299
18436.363
16904.625
17155.951
16130.733
16605.202
16498.206
15854.084
16480.926
16141.041
15853.424
16995.220
18520.564
18802.212
17728.272
18071.847
17759.958
17853.185
16290.128
16456.349
16235.763
17323.856
16357.474
15081.308
14678.541
14258.307
14336.343
15416.270
16762.799
16856.481
16691.580
17093.481
17015.015
17148.667
17427.273
17405.836
16583.294
15279.733
16209.780
16653.108
16674.388
16000.561
15290.908
15073.110
15114.655
14328.697
14582.860
16764.876
18140.503
17341.355
16038.047
16428.043
17442.223
16847.920
15529.053
16104.214
15221.834
14666.581
14948.111
14662.562
15607.020
16378.224
16665.408
17185.980
18243.541
18114.497
17869.040
17271.825
16830.132
17067.539
16392.022
17519.527
16910.852
16743.374
17305.193
16543.422
15575.804
16218.892
16617.195
16917.370
15853.342
15406.913
16343.707
16537.031
16807.008
17154.128
16473.507
16086.359
17434.715
17204.221
17262.210
16514.710
17117.795
17444.880
17212.046
17095.398
16179.894
15456.927
15087.642
15105.308
13768.536
14427.489
14921.831
15066.042
15981.411
15546.121
15647.014
15998.169
16690.990
17359.240
16988.209
16718.423
16844.070
16115.336
15616.227
14834.272
15515.273
15978.813
16528.569
16885.302
17323.163
16573.367
15459.114
14842.602
14333.924
15083.798
15556.177
15142.626
15692.367
14957.102
14499.565
13941.015
13850.269
14196.995
14338.704
15155.843
14578.931
15504.964
14699.631
15956.147
16412.904
16759.619
16421.381
16362.501
15824.459
15887.105
16105.606
15645.265
15744.382
13714.050
15495.820
16229.868
16220.272
15067.294
15639.950
15766.508
16063.134
15114.850
15995.833
15629.493
16239.077
15710.005
15807.839
15700.940
15748.740
16421.955
16817.698
17459.807
17912.671
17726.181
16918.559
16432.018
16670.243
17427.576
17765.000
17142.467
17007.846
16476.091
16335.761
16390.328
16423.159
17700.100
17880.176
16793.879
17404.646
17540.022
18634.716
18751.873
18096.916
17298.289
17268.145
17291.637
17411.110
16891.214
16954.479
17384.032
17977.862
17341.422
17538.039
18554.491
20536.761
18134.569
17009.172
17060.437
16952.172
18599.197
19519.838
19217.558
18552.885
18069.718
17211.289
17130.329
17644.011
18225.607
18234.529
18258.169
18334.032
17922.159
16965.911
19189.731
19528.301
18763.504
18715.408
17569.232
18170.775
18384.306
18041.873
19494.853
21162.764
20043.942
19600.074
18585.792
17835.340
18662.725
19120.271
18831.677
19768.717
19747.825
20076.650
19799.499
18311.284
17467.534
18395.396
19489.068
18831.527
19093.163
19898.307
17942.689
16970.077
16879.872
18104.140
17714.631
18519.678
18273.407
18162.268
17221.619
19384.564
20251.010
19198.987
18595.520
19188.105
19422.939
18518.066
18654.202
17811.144
16704.972
16805.499
17016.877
18200.836
18232.954
17968.312
18746.751
18393.337
20027.947
20749.317
18914.918
18048.976
17185.059
18826.144
19760.479
18078.225
16862.777
16364.347
15635.031
16577.386
16557.830
16844.713
17449.856
17459.010
15986.774
16945.955
19485.349
20414.599
20069.307
19240.360
19509.484
19972.873
18980.714
18795.830
19006.095
19792.008
20203.328
22103.969
20550.143
17891.138
18881.442
19393.142
19125.502
18755.962
19881.006
19351.048
17694.544
17441.381
19381.287
18706.336
19767.861
20161.238
19640.238
19024.180
17253.254
17102.181
17109.661
16503.046
15639.492
17098.868
18227.294
20245.407
19475.594
18428.695
18535.117
