17045.581
16051.922
17765.448
18930.942
19165.637
18391.662
18449.586
17969.397
18539.350
19216.909
18204.407
17146.202
16889.830
18019.078
18177.781
18637.392
17439.764
16613.056
16989.746
18111.903
17927.327
18109.123
17403.672
16359.737
15570.714
16056.481
14667.947
14284.977
13972.745
14446.239
16427.196
15542.900
15420.908
15745.837
16278.933
17114.074
16760.862
16886.260
17775.373
17514.200
17536.811
16230.202
15529.017
16014.102
15457.631
16794.070
18108.725
18344.824
18507.277
20026.347
20291.592
19058.989
19120.987
18288.270
17399.495
16634.230
16896.797
18370.568
18130.761
18460.808
19329.343
20141.700
18850.666
17800.081
17021.771
18309.441
18507.949
18898.311
18329.923
17400.940
17541.630
18155.265
18383.857
18140.739
17325.659
17908.330
19456.303
20142.208
20129.675
18526.886
19056.949
18499.664
18872.672
16192.932
15774.721
17399.405
18078.896
17200.567
17214.982
18554.605
18538.093
18650.659
16864.099
17618.851
17433.395
16785.803
15998.614
15018.062
15728.987
16106.469
16554.603
16565.080
16257.928
15384.671
15176.662
14933.171
14539.819
15957.079
15736.426
15597.237
15960.384
15332.031
15686.826
16686.424
16161.090
17168.597
17215.934
15331.170
15001.990
14044.230
13008.218
13151.910
13149.116
14456.736
16591.781
16263.130
15680.819
15486.121
15550.541
15859.524
15765.217
17128.662
16902.640
17473.813
16973.755
16971.451
16096.107
14565.734
14258.812
14081.174
14530.301
15672.460
15068.389
15724.368
14855.127
13179.799
14135.089
15930.211
15246.030
14980.130
14473.649
15525.847
16557.973
16265.312
17481.722
17113.968
16124.658
16813.456
16107.854
15862.397
15535.005
14704.785
13667.304
14824.500
16121.009
16677.633
17139.626
17177.896
17229.803
16517.412
15734.465
14641.008
14557.303
15674.006
15421.691
15287.333
13257.094
12835.694
13480.521
13827.740
14259.925
14663.708
15041.708
14080.369
14744.406
16242.027
16096.501
17168.593
17274.614
16883.187
15956.276
15765.289
16724.165
17377.935
17697.467
16442.772
15428.509
15584.682
16085.900
16685.835
16579.789
15415.022
16472.849
17167.436
17936.841
18765.628
17630.403
16372.369
15386.908
15569.356
15865.088
15745.218
14902.994
14301.441
13793.258
14803.933
15115.626
14977.431
16051.153
16820.393
17048.832
17169.457
16795.870
17873.311
18252.129
18581.173
17580.483
17655.033
17055.774
16644.988
16673.227
18360.373
18543.062
18895.394
18053.600
17466.037
16850.174
16739.535
17238.724
15619.554
15860.142
15782.359
16179.272
16342.528
16828.673
16799.353
17531.667
17543.217
16958.716
16078.784
16101.907
16090.957
17836.617
18491.142
18832.050
18490.428
17862.168
17457.778
17805.611
20566.257
19356.036
18806.098
19471.622
19711.149
20667.316
21120.483
21504.922
20270.342
19246.429
19095.751
18759.007
18265.592
19522.958
20578.453
19575.164
18159.986
16905.010
17701.990
17752.699
17877.916
19038.733
18923.200
19453.440
19317.726
19320.179
19136.953
18604.217
19102.011
19102.735
19806.471
20778.114
21885.393
21758.970
21496.496
20768.508
19626.327
19782.939
20573.365
20359.561
19218.797
18899.865
17727.134
17365.043
17528.463
19205.158
20893.784
18716.764
18060.220
18448.338
18020.178
18435.757
19145.212
20113.333
18839.353
19963.014
18788.329
18820.967
17734.575
18349.658
18159.280
17765.807
16304.801
16569.882
16908.865
17513.489
18438.035
18436.363
17541.507
17846.443
19040.742
20383.146
17983.941
16407.600
17165.641
17647.928
16564.601
15757.138
16226.900
17217.168
16178.684
16404.872
16790.018
16369.238
17055.704
16650.691
14947.025
13880.501
15771.761
16169.335
15536.080
16587.966
16158.695
15677.987
15304.294
15139.240
15495.064
14922.844
15743.224
16074.238
15445.596
16341.099
16393.543
17094.533
18198.203
17953.715
