18221.813
17199.968
18041.672
18349.893
19186.920
18591.964
18894.194
18729.343
20231.039
20127.174
20085.824
20956.377
21205.493
20830.651
19647.358
18613.290
16977.392
17113.501
15616.142
16194.781
16311.633
17242.225
17851.060
19002.322
20104.886
19209.905
19597.901
19880.759
18808.786
18584.660
17135.875
16239.350
17179.174
17253.476
16774.291
16405.686
14583.488
14632.916
14451.372
13717.220
13274.151
14310.648
15332.590
14540.795
14862.851
15805.139
15971.900
15570.303
15526.682
13810.233
12646.402
12847.613
12953.433
14484.941
13519.784
14720.008
15293.740
15959.433
15950.287
16155.209
17592.722
17386.257
17067.617
17070.330
17538.387
16677.999
15658.617
15895.705
15430.732
14243.276
14694.652
16250.020
15574.786
15251.068
15264.301
15419.759
15864.370
15547.768
16415.474
15834.882
15633.498
14207.503
13640.753
15039.676
16156.299
16867.537
15365.281
15501.972
14990.209
13752.749
13936.935
15425.418
17422.528
17015.299
16686.233
16723.012
15496.443
16497.697
17957.577
18032.463
17704.429
17768.829
19319.860
20113.656
20717.530
20699.370
20006.881
18535.046
17856.355
17494.255
16401.084
16760.794
15108.310
15709.845
16047.058
17486.632
16570.721
15450.789
14050.038
14361.175
15291.082
16314.628
16303.866
17663.480
17138.356
17763.890
17134.264
16794.086
16644.674
15772.066
14562.652
15598.013
16767.648
17176.833
16424.902
15980.104
17235.992
18048.023
17620.957
16900.294
15237.244
16759.540
17581.219
16678.400
16377.078
16015.964
16976.021
15992.023
14002.308
14098.495
14534.171
14418.015
15353.509
15413.305
15128.074
14873.927
14401.065
14073.995
13368.563
13171.500
14091.540
15538.439
17277.129
16337.092
16190.389
15005.696
12838.259
12699.107
13370.807
13597.879
13923.830
15768.084
15746.894
14256.718
14162.156
13484.424
14032.749
14270.655
14159.696
13785.330
13929.987
14687.457
14684.764
15275.767
16453.549
17186.425
16528.756
15465.934
16358.167
14959.006
16044.314
16707.183
14934.615
14606.449
15305.959
16094.600
15491.043
14305.950
14117.110
14912.496
15940.725
15067.578
16032.271
15838.693
16038.616
16228.621
16140.083
15772.722
16421.360
17132.511
17156.942
16434.838
16199.343
16560.309
17668.817
18793.839
18496.121
17979.381
18632.392
17800.194
17683.420
17057.636
17545.088
17710.380
18314.374
18859.236
18384.825
18901.597
18808.471
17610.606
16650.546
16676.479
15795.575
15649.201
15355.733
16120.284
17233.821
17434.390
18093.477
18230.111
17396.737
17078.449
17289.556
17714.685
17681.135
18458.721
19846.469
19270.862
18041.422
17412.008
17586.039
17798.380
19012.760
18003.794
17359.212
18646.458
19384.304
19886.497
20514.271
19831.838
18676.049
19706.584
19732.282
19621.422
18908.432
19006.891
18515.510
17740.520
18499.180
18167.382
18484.445
18541.053
19236.784
19967.675
20363.328
20990.033
20056.349
20509.511
19793.320
19921.617
20839.594
21117.524
20616.664
20218.156
20917.722
19504.330
19523.350
19228.563
18498.133
18669.645
18473.143
18190.542
17523.334
17114.973
17020.531
18056.557
20525.546
23261.715
23941.075
20559.280
20053.597
20296.412
19461.119
18879.269
18752.214
18848.809
18310.658
18167.347
18860.465
18695.453
18833.095
18429.375
18374.401
19012.129
19023.063
17981.448
16872.407
16375.057
16253.788
15814.585
15250.212
16072.827
17355.128
18186.040
18337.293
16896.065
17463.362
18287.348
20793.921
20427.791
17933.911
17139.528
16582.890
16579.864
18332.461
18024.570
16902.416
17622.103
17259.838
16939.544
16142.577
16234.012
16996.545
17008.969
15778.392
15886.812
18130.205
19241.080
17088.016
17724.827
16240.399
15142.972
14120.615
14479.881
14808.910
17006.556
18029.214
19043.725
18556.333
18231.396
19567.821
19340.769
17145.346
17983.973
18909.257
