17444.592
16285.686
17791.986
18572.288
16751.864
16639.276
15790.189
16185.698
17622.376
18041.933
17409.018
18654.053
19233.394
18941.370
18793.031
19535.197
19548.379
18217.623
17902.593
17883.306
17651.782
18242.953
19037.166
20091.102
20864.042
19640.391
18660.874
18680.487
18739.283
18613.877
18196.943
18304.509
18985.627
18860.015
17703.919
17383.522
18381.639
17099.481
16185.053
15647.717
15351.938
16777.297
18373.041
19381.841
19298.623
18661.163
16844.777
16995.413
18556.888
18885.660
17540.899
17012.431
17190.363
17272.355
15977.670
15410.112
16960.510
17210.755
16431.213
16690.062
16880.576
16591.581
16101.250
15697.014
15588.318
16877.636
18043.708
18147.727
17225.299
18093.008
17591.308
17435.906
19494.028
20451.932
20004.275
17844.444
17463.407
17945.906
17357.536
18197.892
17168.682
16824.012
16757.704
17086.540
17326.851
16827.948
17246.549
16844.401
17188.102
17423.229
17443.403
17218.445
15836.392
15903.489
16378.406
15812.119
17080.668
17748.098
19185.091
18995.442
18222.029
17586.299
17560.542
18294.901
18806.911
18093.226
16435.588
15079.151
14017.917
15036.654
16619.974
16059.397
15373.351
16135.605
16731.136
17046.248
16766.267
17666.093
18009.664
17090.274
18013.621
16336.854
15388.127
14902.333
14188.573
15394.920
15861.908
16173.345
16003.288
15375.746
16047.843
16499.432
16740.950
16735.767
18001.952
18212.397
17491.560
16066.132
15854.706
15571.422
14549.827
14559.389
14776.782
13869.635
13612.633
15060.627
16543.030
16696.972
16952.651
17018.310
16646.260
16916.503
16664.096
16749.688
16208.059
15386.243
14104.370
15825.971
16102.423
16090.263
15494.244
14587.401
15649.148
15228.648
16529.361
16927.260
16769.439
15220.138
14621.700
14171.794
14078.091
13611.122
12623.601
12576.417
14034.139
14613.220
14171.152
14511.826
15150.367
15735.728
15937.105
16398.761
16750.934
16218.150
16123.374
17041.598
16280.602
15782.087
14726.314
13933.555
14272.651
15335.887
16153.368
14804.118
13707.633
14305.820
15179.850
15705.538
16533.852
16236.194
15901.758
15533.240
15699.655
15118.527
14132.535
14530.237
14700.931
14460.636
14023.857
13910.121
14389.033
15035.548
14782.975
15026.201
13853.767
12811.498
13881.627
15072.974
15861.007
16849.512
16379.637
16490.815
17063.833
16515.390
16195.460
15995.905
14640.528
14107.725
14947.539
15995.692
17077.008
16082.491
14718.753
14686.814
15761.819
17297.128
18758.281
17644.632
17185.695
16716.770
18249.124
18561.536
18589.107
17861.643
16372.440
15990.849
16351.904
16366.812
17077.457
17629.479
17208.755
17042.773
16635.328
15348.928
14476.026
14821.936
15218.732
15836.242
16406.795
15998.004
15791.606
17619.370
17317.967
16278.740
16893.232
17680.852
19648.899
20531.825
20602.409
19871.601
18816.454
18959.182
19169.120
18697.261
18378.117
18202.285
19208.380
19815.550
21274.232
18766.664
18636.058
17074.777
16685.015
19098.541
20314.052
21372.016
21244.253
20883.257
20542.313
20433.930
20787.482
22045.908
19605.249
18849.892
19910.840
20620.623
21803.500
21422.107
20491.446
18997.333
18973.378
19214.606
20422.865
20824.569
20736.358
20977.996
19376.479
20023.898
19395.593
19111.483
20633.116
20732.533
20420.615
20677.987
19187.870
16976.717
16333.064
16261.502
16148.675
15007.229
14885.678
16232.370
15869.973
15499.741
14976.520
15667.342
16794.853
19342.646
19657.949
20463.715
19301.453
19743.676
18815.466
18958.270
18868.370
19006.947
18472.200
17728.425
18000.449
17319.708
18073.009
17750.009
17875.286
18080.970
18621.273
17152.217
18227.426
18271.058
17271.650
18256.638
18357.999
16350.487
16177.768
17343.596
19708.039
21352.789
19334.833
19247.217
20074.978
19257.898
18810.358
17476.403
16839.308
17220.601
18940.228
