17189.438
16258.479
16378.041
15812.992
15948.631
16382.069
17319.469
17094.517
16329.486
17558.230
17248.459
17368.750
19669.846
19490.672
20995.939
21247.864
19681.018
19978.439
19210.991
17984.024
17834.979
18143.778
17414.648
17537.579
16757.974
17895.978
19723.116
19296.025
17981.573
19084.332
19733.484
17960.604
18294.097
19177.307
19267.974
17315.238
16020.579
16075.788
15452.039
16066.574
17602.048
17511.520
16200.329
14649.205
13856.309
13752.293
12977.614
14585.799
15809.491
13872.781
13880.651
14685.244
15133.659
14382.174
15732.490
15432.949
15849.899
16161.813
16133.970
17576.415
17615.175
16666.382
16318.217
16715.460
17314.268
17974.912
18410.764
18898.624
19772.923
19523.799
18420.382
18803.777
19598.367
19881.834
19886.826
19457.038
19145.657
16289.801
17068.785
16803.139
16679.423
16653.661
14357.926
14202.301
14222.458
14348.655
14431.491
15223.580
15501.732
15889.283
15934.627
16248.147
16227.645
17206.886
17120.855
16507.494
16550.074
16868.168
16807.371
17798.082
18308.294
17186.445
17119.966
16136.709
15785.533
17135.590
16514.098
18376.719
19055.313
19570.614
19718.509
20038.123
19631.732
20107.029
20933.528
20648.320
19687.895
19255.251
18695.874
18786.376
19244.522
19180.478
19307.290
20253.383
18563.360
17267.912
15939.051
16438.649
17393.389
18355.430
17854.572
17385.490
17004.913
17240.975
17452.064
15492.625
14940.847
15697.560
16240.064
16611.995
17366.993
16710.766
17345.537
16682.636
16576.538
16640.778
15314.545
15505.305
15485.249
16458.479
16023.343
15641.870
16199.117
14636.205
14546.826
14429.654
14284.433
15038.315
16172.213
16033.936
16281.455
15884.637
16391.947
16445.513
15957.142
15705.702
16168.408
15644.408
15395.665
15039.870
16016.589
15267.989
15760.051
16016.653
16777.490
15034.714
15801.531
17177.403
17372.597
16314.053
17799.275
18717.876
17511.003
16104.406
16021.169
15216.331
14572.662
13367.473
13873.483
13505.225
13727.900
14132.720
15447.942
16014.247
16985.199
16724.117
17493.182
17178.222
16313.665
15511.769
14706.510
13604.742
13723.742
14254.231
14282.968
15450.523
16129.983
15773.910
14403.363
14419.295
14302.933
12948.947
12565.170
13251.449
13427.066
13470.781
13863.494
14178.953
14693.515
15390.969
15444.436
15113.207
14667.365
15421.206
14786.696
15270.745
16288.440
16137.819
15399.462
15302.354
16725.899
17272.686
17326.943
17375.203
16354.191
16390.985
16885.337
19001.171
18945.263
17741.024
16648.971
16812.196
18495.686
19122.975
20124.408
20343.302
20452.230
19442.124
18770.129
17536.227
17662.495
18609.668
18921.291
18141.050
17029.576
17943.156
17953.697
18345.709
19605.477
19105.290
20538.114
20454.368
19908.750
20593.142
20209.750
20341.196
19388.901
18666.689
20427.943
21348.124
21393.150
19119.655
17297.238
18668.814
20557.912
20823.471
20030.654
20935.744
20482.671
21193.093
20197.077
20256.945
20024.864
18387.370
17995.544
17728.166
17873.728
19623.394
20022.078
20209.303
18209.727
17591.806
17996.992
17711.024
16780.095
17374.218
18122.287
19969.130
21040.489
20682.379
18204.002
18697.386
20119.900
21922.395
20539.703
19487.510
20319.474
20734.160
22700.703
22318.570
20186.001
20654.227
20657.884
20776.915
20652.243
19526.905
19907.489
21360.121
21692.219
21555.133
21156.941
19406.415
17612.333
17744.464
17944.136
17204.240
15654.103
16478.668
18159.370
18050.130
19753.760
19706.109
19219.659
19493.148
19613.082
17976.221
18225.621
19255.909
18716.157
20084.331
19867.922
19580.199
18880.923
19758.450
20060.520
18568.428
19624.207
18713.945
19198.750
18981.925
18132.339
18169.796
20380.677
21405.090
21006.702
22120.518
19681.013
18347.252
17500.093
17364.776
17710.960
19132.193
20969.829
19657.594
18595.649
