35.112
62.897
71.765
41.572
41.627
51.347
43.478
46.663
51.931
75.857
68.740
35.314
46.411
48.157
41.877
47.307
53.323
35.024
42.029
36.410
52.136
63.122
54.675
55.019
57.967
35.348
35.581
42.558
54.154
47.144
34.453
43.678
33.150
49.949
48.041
53.408
52.827
40.445
50.464
48.700
29.819
26.702
25.677
47.973
44.578
60.553
59.419
52.890
47.439
43.426
55.342
45.081
36.050
60.752
51.200
37.301
42.174
46.572
34.201
28.788
26.738
51.540
47.127
37.579
24.276
29.717
31.905
38.802
39.086
26.396
35.028
35.613
25.966
41.622
47.077
36.160
47.507
59.476
57.014
44.680
20.667
38.067
36.479
42.627
57.337
49.777
44.030
36.226
52.167
48.341
38.189
51.448
32.205
26.133
38.198
40.025
40.265
38.831
34.555
47.537
52.078
60.763
31.274
49.496
66.678
66.267
48.107
47.002
45.283
42.040
21.737
39.028
28.340
35.593
34.287
36.308
35.225
33.987
35.948
22.855
23.912
45.322
56.232
50.601
37.295
32.938
34.487
34.799
31.609
31.796
34.093
33.433
37.098
40.280
60.267
46.289
35.593
41.060
48.298
66.925
52.518
49.898
50.585
51.909
42.857
24.888
38.686
50.200
46.114
47.675
35.804
40.665
22.691
47.300
47.883
31.592
25.980
26.913
49.890
52.966
36.156
38.513
41.298
45.617
46.114
44.398
38.085
27.366
19.270
37.963
47.096
37.669
43.978
34.512
48.759
53.034
42.349
44.436
49.315
41.934
40.844
39.885
37.179
35.197
43.151
53.404
51.696
43.232
48.407
40.840
38.130
34.854
38.530
34.078
44.330
49.951
40.885
42.286
58.285
46.785
27.926
31.334
24.322
28.124
34.300
28.171
27.955
43.748
58.335
48.145
33.225
33.942
28.636
31.597
29.426
33.661
37.358
51.202
35.498
26.784
43.040
56.894
59.259
47.092
34.976
28.901
37.524
40.029
46.573
36.775
25.364
34.679
48.961
44.179
42.293
40.303
35.048
42.598
37.151
40.953
40.929
46.577
49.801
45.622
44.462
68.514
64.060
62.843
46.781
40.381
44.583
32.532
38.011
38.422
40.811
35.821
43.778
29.001
43.295
48.017
48.446
35.474
33.023
34.354
37.750
52.162
65.594
57.928
42.442
21.376
26.284
18.457
44.514
48.224
59.845
54.508
52.358
34.659
36.331
60.924
56.985
38.585
60.538
52.758
49.052
54.294
32.033
23.216
41.034
55.339
55.037
42.759
37.488
60.268
54.428
53.507
49.234
62.863
51.529
36.683
48.605
30.096
28.444
45.026
59.503
43.289
63.369
38.431
34.339
51.081
63.805
45.812
32.858
39.167
49.229
40.070
47.763
36.426
26.610
39.505
46.120
32.945
22.586
40.698
57.395
49.190
41.400
43.532
46.379
49.100
34.580
51.637
46.462
55.392
36.162
45.083
41.785
40.897
49.357
42.697
42.156
48.161
49.746
46.007
42.025
53.765
65.700
63.091
32.869
42.453
36.908
60.891
51.373
50.237
81.887
82.510
53.022
55.055
51.038
45.361
60.056
48.959
53.498
50.224
59.460
