50.676
36.781
25.142
23.999
39.915
41.117
45.206
34.803
32.182
33.364
32.646
54.904
61.360
46.627
56.245
54.097
42.840
33.979
35.167
33.814
49.889
54.652
44.021
31.141
52.184
59.464
50.407
61.015
43.701
43.310
34.733
32.583
36.062
40.119
66.901
82.065
73.022
50.054
48.151
37.718
25.365
30.549
33.359
33.065
34.664
26.690
27.870
33.104
26.819
37.961
46.126
41.021
59.929
40.063
34.927
49.307
37.355
30.700
43.477
35.696
36.130
65.623
56.955
64.375
43.762
53.953
53.777
43.330
58.929
61.972
50.733
35.203
41.591
44.980
59.940
56.062
39.058
35.594
46.933
67.703
62.204
81.288
73.711
45.672
35.119
41.276
44.023
42.218
38.134
46.259
41.112
50.687
44.418
29.916
48.716
64.851
57.789
61.428
47.041
33.684
45.210
49.086
34.295
36.159
43.041
45.047
61.566
51.736
34.964
34.811
29.245
41.651
32.234
35.652
48.280
35.353
32.421
24.837
28.136
33.064
39.912
33.270
21.875
25.322
27.692
32.383
33.176
40.412
44.005
40.341
39.236
33.864
43.116
25.362
43.942
38.444
44.610
43.544
33.008
40.478
41.919
34.042
44.889
50.954
40.006
39.445
30.478
40.676
60.205
60.880
19.610
40.949
44.615
55.494
36.497
39.185
44.570
35.964
49.388
48.383
42.417
41.580
39.231
26.918
38.262
33.530
39.593
39.789
37.450
50.168
41.056
42.844
38.863
32.104
51.926
53.127
48.658
49.424
51.973
56.127
32.307
35.151
30.157
30.335
35.101
26.250
44.679
42.320
33.662
35.085
30.403
30.057
32.733
27.725
27.698
23.549
34.420
24.809
20.524
18.924
31.450
21.091
28.485
38.243
31.368
34.631
19.408
36.629
35.301
37.033
33.560
21.577
22.837
26.317
22.780
25.817
22.918
36.728
50.258
36.456
47.184
46.508
29.293
31.392
32.659
26.541
46.770
47.861
45.368
40.222
34.928
49.177
49.953
36.572
26.368
32.393
48.345
52.405
53.055
43.481
29.545
28.208
25.590
26.975
35.995
52.677
50.290
37.387
52.883
55.233
61.265
51.002
34.642
31.337
48.101
55.974
38.750
30.565
32.311
41.454
30.977
51.828
50.375
47.426
43.368
33.877
38.074
38.469
44.168
38.267
51.318
53.740
44.204
51.280
41.450
42.186
49.880
47.490
44.034
64.286
67.589
55.363
70.808
65.249
41.580
47.763
42.717
51.934
47.818
46.750
57.535
31.568
31.643
35.004
38.942
38.620
51.598
39.323
48.327
39.621
35.576
44.727
31.153
51.271
43.300
41.344
48.757
38.949
44.961
38.939
57.758
57.462
52.028
45.968
39.299
47.375
45.347
64.596
35.002
34.333
36.127
36.928
33.423
24.503
45.503
46.963
41.522
57.544
42.791
70.131
46.963
46.000
60.132
43.822
49.477
28.289
54.011
58.423
54.904
57.254
70.735
59.235
50.795
42.221
34.956
34.889
59.260
52.077
51.851
57.662
37.519
46.774
44.754
59.369
59.569
50.738
41.429
38.914
67.653
72.433
60.653
42.655
50.861
50.303
35.584
