53.806
58.435
57.720
64.952
38.917
34.930
43.155
49.216
44.096
57.659
77.698
49.158
34.705
46.281
48.327
44.314
68.127
57.804
69.726
52.147
43.591
30.953
39.503
40.106
59.454
58.754
53.852
43.459
32.875
48.579
41.030
39.672
27.882
37.929
35.925
40.220
45.511
30.907
27.757
31.346
33.166
34.774
73.819
84.923
55.238
47.796
31.729
51.489
48.320
45.296
51.643
50.159
58.833
38.405
54.495
43.494
40.433
43.067
32.628
52.603
48.211
43.084
40.038
54.151
52.110
65.334
60.994
62.868
48.676
54.457
32.762
40.267
55.509
52.785
44.191
46.311
66.256
53.832
48.727
50.069
29.341
39.917
42.431
62.205
69.376
55.597
51.026
47.534
39.890
35.222
29.963
40.371
51.193
45.903
51.510
60.127
57.173
39.558
39.436
36.281
50.545
40.586
46.103
40.320
41.019
47.446
54.967
39.165
43.749
60.281
49.689
49.891
49.050
38.423
38.311
46.643
40.825
36.331
44.595
33.589
26.421
29.398
33.393
52.889
41.978
36.474
50.463
38.485
31.996
33.026
32.403
36.916
36.433
29.825
40.923
44.499
52.888
51.511
42.998
35.181
44.350
45.875
44.198
42.058
47.362
46.176
38.460
29.652
35.668
30.475
31.596
30.512
36.019
42.729
27.982
28.154
36.975
40.636
33.672
36.182
53.926
53.379
47.822
38.670
30.809
28.844
41.442
56.011
63.245
48.302
36.200
33.620
25.052
45.604
54.303
50.987
49.495
28.119
27.669
25.717
28.988
29.287
41.798
45.781
38.917
27.160
27.701
41.740
42.208
39.758
24.825
32.669
44.156
39.467
42.630
37.834
48.463
36.020
24.469
26.041
29.894
29.317
38.473
41.646
32.059
32.786
36.023
62.507
52.351
44.773
41.933
51.897
33.863
43.372
50.361
60.075
49.651
29.110
35.767
23.555
19.921
41.599
42.904
39.581
33.775
31.950
32.480
33.384
49.215
46.097
44.470
61.970
46.552
35.282
38.207
35.936
37.201
36.161
33.649
46.958
57.842
55.751
26.649
24.452
42.743
47.305
42.205
39.501
38.267
40.936
44.263
35.673
42.595
47.690
38.144
62.788
46.055
42.293
50.919
45.675
49.575
61.822
51.475
43.287
43.274
36.818
48.717
34.799
28.225
33.795
35.887
36.587
46.352
49.378
56.104
47.419
71.235
55.116
52.245
35.957
32.045
28.449
34.639
43.508
40.856
49.702
67.511
73.057
64.014
45.942
31.837
27.965
37.870
43.172
48.446
49.724
59.589
62.834
53.444
42.304
71.660
65.991
45.011
39.853
30.331
46.230
47.075
41.712
22.040
41.042
61.445
34.953
52.756
61.521
57.048
47.161
58.821
48.038
40.250
34.457
39.060
64.528
57.305
50.500
51.044
48.771
40.501
46.292
38.603
38.945
38.685
30.647
33.665
53.009
48.240
45.771
46.166
47.687
52.683
52.964
36.799
59.964
53.538
51.595
26.422
36.419
53.952
55.736
26.367
39.968
40.760
55.767
50.843
45.654
47.742
58.995
61.446
58.608
63.351
30.702
34.594
46.629
55.251
65.358
54.464
