31.163
37.431
53.193
36.021
42.161
53.429
53.575
48.583
36.393
34.859
33.723
38.118
42.756
46.240
35.267
32.843
29.443
30.440
30.041
36.109
23.331
27.146
40.947
55.324
45.738
58.364
30.552
27.998
19.099
19.940
44.603
40.889
24.697
30.200
31.174
27.041
50.404
31.492
36.257
37.112
26.515
29.042
37.164
49.709
50.173
53.970
25.956
28.685
24.978
32.618
30.704
28.642
31.637
52.996
48.952
41.527
33.780
30.916
24.375
43.432
38.535
29.653
35.614
43.027
63.240
53.059
57.048
75.884
42.133
56.099
60.749
38.964
46.326
87.063
68.135
67.281
47.675
56.740
55.049
45.560
33.138
28.541
36.747
46.900
37.314
59.179
41.372
42.564
46.058
38.683
38.496
33.734
31.857
45.705
31.290
34.938
34.552
39.072
38.979
42.914
44.405
39.365
53.789
52.059
45.190
46.043
35.753
64.028
66.049
59.213
47.158
57.830
52.967
47.378
36.474
26.915
34.773
33.329
34.654
39.578
23.706
43.291
44.191
34.578
25.584
36.266
36.766
38.673
49.188
45.873
47.120
44.189
29.035
38.429
43.200
32.641
38.732
49.846
50.589
41.410
43.831
29.872
29.558
25.346
23.217
31.285
43.270
27.648
40.191
27.408
28.437
25.768
27.574
34.270
30.572
39.346
26.252
37.694
48.891
43.187
49.858
25.817
40.009
41.002
29.498
41.012
44.116
51.180
35.145
42.992
35.635
43.896
31.575
26.362
39.970
30.941
27.738
35.155
38.531
23.563
45.060
27.646
34.007
42.468
32.970
36.653
45.064
44.028
38.585
32.089
38.186
33.679
27.000
25.306
28.856
33.336
29.488
26.675
24.250
39.114
32.494
30.225
23.767
29.721
44.323
37.454
36.127
29.162
25.089
30.845
26.627
29.152
24.956
37.254
39.003
35.594
29.152
33.137
37.834
40.053
31.448
44.368
52.441
45.746
23.659
20.967
25.206
30.718
40.594
48.074
37.266
29.409
27.468
30.837
35.662
40.353
43.632
48.668
31.221
41.082
47.069
51.802
55.766
41.216
37.945
57.531
52.689
34.388
39.444
35.802
31.215
37.500
51.996
38.051
35.900
44.490
53.372
36.550
38.781
39.865
32.795
35.452
28.248
52.860
30.767
42.242
39.433
59.948
60.198
55.862
52.740
36.331
38.815
45.610
37.797
53.235
61.646
48.407
33.720
56.001
51.407
53.563
51.415
38.706
42.529
45.025
45.190
39.469
60.554
39.506
59.929
51.178
35.368
49.489
49.947
46.803
41.817
38.233
62.135
59.224
54.535
43.492
45.952
46.603
46.106
44.410
45.903
38.898
27.180
32.420
40.040
47.060
30.655
25.137
36.742
39.382
40.579
38.992
37.342
47.667
39.796
43.117
58.974
47.599
51.050
41.232
40.323
47.884
35.473
33.270
26.512
33.731
25.035
34.461
51.973
33.994
55.661
55.844
33.074
35.594
34.679
35.174
54.573
58.466
65.829
62.010
44.040
31.650
33.658
55.019
60.658
60.266
47.083
55.974
56.205
69.158
66.742
51.073
55.953
55.176
57.251
56.661
49.037
52.619
42.220
