42.470
65.173
38.708
37.505
32.108
32.708
31.654
39.868
63.951
55.903
47.456
64.454
65.942
55.205
40.620
39.386
28.638
60.740
62.631
55.607
40.681
29.327
38.969
36.149
44.123
35.693
34.740
36.886
50.967
49.968
51.156
37.992
42.201
59.740
64.505
62.347
59.599
45.891
50.071
47.158
56.520
51.145
42.440
35.182
52.771
38.367
27.813
43.268
46.219
75.893
53.080
41.025
42.304
43.535
33.566
33.736
22.580
34.166
41.435
49.569
47.802
33.192
30.558
36.781
37.073
21.505
41.336
34.182
63.621
59.126
39.348
48.868
42.550
25.551
45.178
45.327
48.099
32.177
44.371
67.775
52.874
20.778
28.989
51.850
59.596
47.765
45.956
34.001
55.606
42.101
37.302
43.195
51.779
36.620
42.177
40.960
49.107
37.756
52.954
47.754
44.324
46.204
35.001
35.903
35.192
38.194
44.289
23.388
31.254
45.840
37.788
35.770
29.744
33.987
30.811
24.249
31.168
43.311
19.213
33.738
31.640
26.779
37.033
23.511
25.155
43.327
41.287
38.249
30.611
29.005
37.128
30.205
37.862
34.571
41.016
50.852
50.125
39.648
57.415
62.044
41.304
38.096
46.895
31.453
32.223
36.149
24.735
31.204
34.727
28.087
29.171
38.318
44.104
46.313
33.266
47.860
36.553
31.723
39.415
33.415
37.222
41.671
36.860
39.847
46.932
75.073
61.372
49.130
34.926
42.276
32.131
27.325
30.309
29.842
52.965
49.066
38.069
38.800
58.520
41.875
44.957
41.800
56.504
56.186
51.492
51.710
47.632
34.099
34.059
22.732
31.627
34.902
36.591
39.485
37.331
46.710
49.952
44.632
33.225
37.920
32.972
27.020
38.498
30.903
37.111
33.347
34.969
43.008
40.711
36.844
33.857
29.628
30.178
35.926
42.612
43.557
43.057
38.041
40.976
36.458
26.789
45.286
33.559
39.812
48.629
38.702
37.400
39.452
33.624
28.866
44.462
44.018
24.026
33.444
38.595
41.429
33.122
30.278
39.341
42.225
27.932
29.149
45.447
40.709
34.378
29.560
26.892
59.156
66.737
38.264
65.546
57.141
48.202
48.109
46.059
32.687
54.218
39.842
34.479
38.063
42.865
50.933
29.053
61.322
69.191
68.815
56.535
55.849
49.049
45.974
46.877
28.841
40.587
42.792
31.705
41.251
48.671
56.387
59.952
42.336
33.255
40.156
43.247
32.864
43.050
49.704
39.812
26.672
23.729
28.110
36.902
47.195
41.210
43.517
46.314
45.220
55.459
53.024
50.239
22.433
35.245
34.039
29.343
31.505
53.604
33.527
38.167
41.621
45.745
60.121
52.791
43.514
53.370
46.893
30.521
67.598
43.063
59.213
64.242
64.283
63.918
60.482
57.797
65.929
57.696
50.575
45.470
50.952
40.288
43.947
26.959
30.644
35.889
45.117
53.428
43.291
27.162
37.214
43.479
36.582
44.646
37.315
36.755
58.091
49.930
49.176
42.604
40.748
53.819
41.282
35.661
63.359
60.828
39.073
26.679
47.576
76.538
64.445
61.555
44.008
51.291
39.771
45.611
70.280
65.388
40.147
