36.467
54.120
49.987
46.913
49.964
70.510
70.457
48.301
46.571
44.752
50.425
35.821
53.718
60.610
57.034
48.467
36.797
46.223
38.628
51.537
48.177
33.416
53.251
49.710
53.501
35.079
46.335
53.919
73.092
61.432
42.592
37.991
38.699
43.461
35.752
36.007
34.054
50.988
33.643
63.164
57.425
45.241
36.430
58.166
31.041
36.437
32.648
43.392
55.567
44.585
56.154
35.080
34.597
29.776
30.659
39.504
52.871
42.330
59.148
48.162
49.781
59.134
28.832
47.949
46.591
31.643
32.632
34.231
58.781
67.111
51.931
33.792
35.525
48.763
50.717
29.847
44.160
40.793
50.496
47.666
53.076
41.163
44.454
63.635
63.760
59.109
39.549
43.967
61.265
70.883
71.353
48.318
29.881
48.521
32.620
43.966
41.584
41.611
43.469
47.935
48.307
53.545
46.914
40.508
55.247
36.862
41.594
35.983
32.631
33.336
46.992
48.202
31.323
47.180
50.675
53.881
40.405
55.569
53.058
56.504
39.810
44.490
60.311
51.306
30.071
32.728
19.543
17.704
29.913
28.684
30.009
47.830
43.261
40.568
28.709
22.595
20.559
34.666
36.233
33.041
41.400
35.867
34.360
37.765
51.696
64.672
56.577
27.501
49.513
56.560
51.568
41.744
44.632
43.135
44.785
38.710
44.521
42.095
40.006
41.526
28.459
28.958
30.973
27.101
37.111
38.138
48.181
39.061
38.997
31.871
35.631
32.527
37.617
36.313
30.978
41.636
26.799
40.255
44.986
46.963
45.856
42.854
45.679
54.778
43.411
48.472
46.189
46.247
52.780
44.775
36.070
53.209
28.106
28.132
39.357
46.889
30.769
30.851
35.425
50.333
43.055
36.354
29.973
38.016
40.664
19.793
38.475
49.502
43.383
46.055
45.086
48.236
28.344
36.961
49.588
35.795
26.377
24.604
32.059
36.995
44.855
45.132
51.205
44.740
46.081
46.196
29.198
36.283
42.713
47.228
50.053
40.113
33.669
33.450
26.306
33.947
42.888
47.647
38.443
30.919
31.913
26.328
61.927
60.296
59.595
60.193
60.945
48.270
37.966
43.161
53.644
47.608
52.836
42.888
40.851
51.119
57.925
51.433
56.809
63.456
59.269
39.296
39.481
43.167
29.554
40.301
33.703
61.403
53.290
44.186
32.141
47.218
23.313
41.979
68.140
67.434
44.151
33.873
30.888
30.053
39.436
51.749
42.363
38.395
50.350
57.296
23.737
40.556
33.642
44.450
43.795
45.706
65.356
53.155
65.343
45.549
23.030
33.829
44.777
37.405
45.532
54.688
66.445
33.790
56.578
63.446
40.287
32.664
37.177
48.369
45.630
39.544
39.082
44.330
47.562
37.627
36.591
31.018
50.970
48.425
67.294
43.895
54.175
48.059
53.813
55.306
53.231
41.345
47.531
22.026
42.028
31.191
36.625
68.350
55.449
69.817
64.587
60.332
41.716
46.062
33.267
43.512
42.290
41.568
47.699
44.072
33.475
59.251
74.854
69.348
40.302
31.368
49.507
67.299
28.245
24.177
51.388
54.999
49.740
52.792
45.735
53.902
39.312
37.109
38.725
