43.377
55.359
60.948
43.296
65.730
53.675
45.949
37.729
39.023
41.537
35.963
23.985
39.857
32.784
36.966
26.662
55.976
61.910
71.283
61.495
46.001
57.901
63.708
47.036
64.827
62.915
68.276
53.310
52.085
32.914
48.299
46.514
41.707
37.061
36.051
43.752
43.873
52.972
49.130
44.187
44.140
53.970
56.722
55.678
49.787
44.378
55.836
48.513
57.436
52.229
30.642
56.934
63.131
59.104
52.351
43.134
34.748
43.005
43.001
54.903
75.429
68.698
61.024
52.613
48.929
38.317
29.132
39.774
35.299
37.068
60.495
54.134
57.059
50.451
38.963
44.858
46.191
36.234
50.123
54.907
44.497
31.626
45.038
64.886
58.216
36.099
49.305
44.796
43.791
40.032
20.392
48.700
53.287
49.087
36.361
40.796
41.230
45.950
44.875
36.924
29.237
25.968
30.726
23.561
25.206
40.856
44.180
49.000
44.402
32.194
31.567
31.130
28.789
42.469
34.036
43.719
38.788
45.309
34.284
42.443
35.269
30.803
37.130
30.575
35.023
34.263
28.813
33.170
39.002
44.595
44.314
36.680
40.712
44.471
34.868
29.346
33.572
29.446
32.995
27.345
28.841
26.107
22.279
23.213
18.400
35.776
41.794
39.363
33.605
39.822
43.983
32.535
27.645
33.363
39.598
42.339
39.275
33.138
29.074
36.929
40.146
50.157
38.223
30.485
29.651
38.292
31.784
31.819
26.150
39.802
39.194
50.654
46.954
48.009
44.850
38.576
48.453
34.454
47.488
45.889
39.807
35.105
35.179
42.349
47.978
40.285
43.061
41.434
40.621
36.623
40.467
38.809
42.349
25.820
34.234
46.302
43.142
31.907
43.057
42.503
48.896
38.041
42.815
30.179
33.321
33.234
22.823
26.356
27.978
35.616
29.671
24.519
23.294
25.509
40.946
44.328
45.155
41.742
37.686
33.523
31.901
34.709
43.948
34.092
53.268
38.068
36.101
26.570
31.412
33.402
51.029
31.512
34.887
38.189
20.559
35.178
24.462
36.340
42.501
36.823
52.618
37.594
35.189
30.739
28.847
44.080
46.738
31.423
43.857
35.675
41.880
39.954
38.761
30.505
36.687
37.995
36.155
38.073
37.836
32.619
29.452
36.319
32.981
56.289
68.085
40.256
47.917
46.686
36.053
57.878
43.789
44.331
32.397
55.174
54.128
44.660
29.617
50.056
41.126
28.303
34.533
30.800
42.793
68.799
71.106
43.534
43.164
34.217
44.315
33.522
32.797
35.541
35.362
56.813
53.983
33.061
40.283
49.062
58.632
57.807
49.622
31.861
22.730
29.952
47.121
37.953
45.307
32.215
55.827
49.463
38.691
37.244
35.487
49.207
60.040
40.854
30.305
40.951
54.920
55.420
55.079
36.361
68.198
58.027
68.252
84.182
68.737
32.845
28.851
55.432
70.304
45.876
45.320
31.427
30.061
17.127
37.690
42.776
50.852
40.259
48.538
38.307
35.522
34.386
65.721
53.953
53.905
33.417
38.233
31.982
52.400
34.528
50.970
51.364
68.706
60.448
49.904
32.330
53.523
72.348
52.876
57.944
69.902
66.717
41.865
47.156
