50.174
26.874
29.891
33.434
59.349
50.169
20.684
23.808
30.723
50.360
39.386
50.544
59.400
54.009
58.477
56.870
39.879
47.169
50.167
38.566
44.982
35.156
45.706
46.588
26.238
30.218
32.527
22.644
37.238
31.532
43.604
42.349
43.100
43.567
41.768
42.639
60.769
50.985
33.023
25.795
44.316
68.628
37.365
65.257
68.718
53.096
32.459
56.894
44.390
34.634
68.904
66.113
60.656
49.312
34.198
41.227
23.828
17.109
16.337
31.324
49.164
39.216
42.209
34.671
39.993
46.275
38.010
28.957
34.327
39.100
39.559
38.562
43.811
45.998
39.086
24.577
27.103
49.018
38.461
52.071
59.881
64.676
39.820
20.579
22.338
27.440
32.906
26.268
55.426
50.007
55.917
40.762
36.699
30.126
52.991
41.327
21.830
45.970
28.425
51.777
47.241
44.696
43.545
46.221
40.510
45.853
32.205
35.835
42.065
43.680
51.803
42.164
42.273
49.209
30.476
33.598
37.525
45.099
49.071
43.328
33.607
52.989
24.575
27.975
35.238
45.020
39.113
34.841
46.879
61.177
33.412
22.476
28.009
27.068
46.254
40.519
36.248
31.776
45.273
49.582
56.012
42.690
43.442
39.253
36.746
48.574
52.927
57.258
49.612
49.490
42.065
43.745
45.742
35.831
48.225
33.622
51.986
47.914
29.638
37.353
33.025
26.777
24.498
38.677
50.070
34.631
28.474
43.923
32.646
40.936
53.085
38.310
28.719
36.553
37.632
33.287
28.466
26.790
29.033
28.840
41.270
34.813
36.496
38.274
36.411
29.017
31.864
30.786
43.340
40.119
49.996
48.344
44.786
53.331
22.703
21.817
40.322
21.412
26.485
33.639
38.028
36.735
30.891
40.766
37.955
33.373
35.803
30.777
37.776
60.817
43.037
52.226
36.890
35.370
33.246
36.729
36.477
39.728
31.772
38.528
29.751
38.405
41.069
51.187
45.666
47.887
49.105
23.124
36.174
27.575
29.371
29.693
38.187
40.418
36.869
35.312
46.942
48.354
42.131
39.988
34.130
32.945
37.462
28.693
22.482
45.322
33.188
35.010
61.985
56.165
59.262
53.104
34.939
38.748
38.748
38.344
46.470
65.354
49.361
38.125
54.286
38.762
43.135
49.110
36.413
40.674
51.393
46.256
39.507
33.005
31.195
36.897
73.235
72.799
46.855
32.507
25.270
49.403
41.527
36.518
36.901
62.524
68.233
53.910
45.915
49.476
36.983
40.679
34.112
52.407
37.680
39.277
48.600
47.334
42.157
31.994
27.506
41.943
40.548
52.008
66.242
71.953
29.494
58.657
73.497
62.986
43.275
41.346
38.574
60.484
40.891
80.882
56.089
65.800
47.869
40.354
59.668
76.541
53.932
49.437
43.774
48.980
41.566
39.946
54.480
40.334
53.579
45.238
22.397
33.519
37.457
43.436
50.631
65.318
46.268
34.468
47.244
58.443
57.217
49.741
46.986
49.930
46.789
57.287
50.929
52.731
53.867
39.858
59.372
54.492
43.878
45.953
66.310
45.032
47.792
34.755
42.025
32.620
35.815
47.984
60.163
62.797
67.023
42.749
