46.937
48.799
50.011
44.503
59.057
61.168
41.544
45.267
51.326
52.242
81.397
64.829
57.398
57.286
52.581
67.560
48.505
43.309
45.500
47.529
57.707
66.436
65.283
69.355
53.553
63.634
48.013
41.291
29.521
60.475
45.331
78.261
52.956
76.219
72.078
68.073
55.481
56.336
72.957
64.371
41.827
48.463
36.331
52.065
59.738
38.708
72.003
65.302
45.348
56.650
60.717
71.373
53.819
58.541
50.880
39.967
34.260
36.999
60.257
58.913
59.631
48.427
51.163
67.877
70.624
48.934
54.682
46.368
56.132
51.880
47.877
42.175
40.185
45.780
52.145
80.073
56.039
56.382
63.685
44.337
45.239
54.282
36.890
49.638
42.554
59.979
35.848
34.886
42.619
38.254
31.199
38.368
32.221
42.955
47.465
54.350
42.694
29.383
41.379
46.237
48.465
35.705
24.234
20.927
30.637
47.683
48.806
48.989
43.582
43.948
29.172
35.853
31.376
42.366
33.641
37.081
42.286
45.518
55.337
56.632
47.121
48.526
23.278
36.095
49.338
47.054
36.988
42.772
45.616
50.458
53.234
33.867
34.959
30.111
31.428
37.960
38.920
38.847
35.824
34.124
35.750
37.834
38.370
31.659
29.771
41.879
25.314
38.670
33.851
37.702
32.712
30.356
35.849
32.521
27.004
40.675
41.565
38.289
44.819
42.143
30.880
30.132
34.503
26.456
33.240
44.973
34.770
49.296
54.423
55.681
32.979
28.922
37.293
42.049
36.149
42.289
47.262
52.439
30.883
23.549
28.708
33.204
29.948
51.966
47.847
29.870
52.339
46.877
37.528
49.791
33.690
23.976
48.010
50.351
33.397
26.550
31.203
35.511
32.342
26.891
28.132
46.656
44.896
32.398
38.768
42.897
51.148
63.187
62.272
49.220
41.894
26.357
30.222
32.557
35.096
33.102
31.237
27.031
31.299
33.136
37.573
57.522
54.844
46.379
33.654
39.707
38.525
43.255
34.051
31.700
41.091
52.930
52.057
33.797
45.498
54.523
39.262
17.888
34.926
25.041
38.809
49.686
34.546
30.391
48.094
54.617
44.230
40.767
30.971
32.002
27.015
29.838
22.945
36.759
34.788
27.673
26.266
38.764
39.822
36.683
32.774
38.357
49.390
49.749
49.019
34.703
30.077
41.750
34.382
39.643
44.821
46.403
27.192
40.592
42.023
42.815
45.669
38.574
35.518
28.755
49.640
42.347
33.489
45.146
26.001
33.272
32.155
29.650
32.800
31.508
30.444
31.041
24.440
61.707
54.038
38.055
67.959
49.606
54.024
38.199
59.626
54.502
32.197
44.648
42.927
50.792
45.093
33.611
30.989
34.531
37.090
33.592
36.289
40.711
35.125
36.895
52.665
39.202
41.554
31.654
30.985
47.723
70.468
44.282
74.685
41.293
44.288
46.380
33.589
24.885
33.062
44.277
53.734
58.395
48.258
70.718
67.859
44.877
39.148
38.713
40.431
49.232
52.091
49.554
62.217
70.368
50.335
30.979
37.323
57.938
47.877
42.311
54.661
72.380
49.634
39.008
38.585
53.884
50.264
56.033
41.574
47.121
47.752
47.891
49.440
