38.586
46.454
37.534
36.639
40.965
47.835
46.977
40.726
43.242
30.911
25.530
53.020
43.905
45.302
51.066
38.126
38.301
35.337
39.930
31.840
43.992
43.628
50.406
56.492
59.327
64.785
43.089
42.219
43.477
43.739
37.043
44.099
38.371
60.749
58.114
55.426
34.023
39.335
43.174
44.816
30.066
48.171
39.195
29.694
35.580
32.940
42.061
32.342
35.052
46.338
59.729
44.811
44.831
32.459
67.970
49.004
46.190
46.389
51.777
58.605
54.747
52.583
51.018
27.105
23.314
44.723
25.836
33.024
39.435
23.906
42.505
39.626
38.847
26.073
44.831
35.651
40.188
34.250
31.361
21.148
41.664
32.081
28.570
29.067
36.279
49.079
31.425
36.932
38.377
61.998
51.883
45.397
43.750
44.541
48.205
44.340
43.090
32.659
53.719
39.448
43.136
44.091
39.705
36.685
30.612
30.812
35.301
43.688
66.356
70.234
62.414
52.882
47.150
30.272
29.156
36.496
27.441
27.044
33.559
33.877
39.927
43.670
51.735
43.937
39.179
32.740
28.335
27.675
29.460
38.741
41.255
31.170
33.410
35.650
34.436
34.692
30.972
33.432
32.547
24.755
21.213
23.564
34.602
28.881
27.177
26.653
21.736
23.246
29.238
32.546
41.050
42.142
62.003
42.510
34.846
43.805
26.968
45.739
37.547
41.073
19.730
36.968
43.421
37.179
32.105
39.292
44.547
43.634
34.667
36.012
39.031
43.485
26.450
35.024
20.891
29.285
23.697
16.048
35.089
36.905
38.176
32.249
37.471
35.918
38.017
32.813
36.583
29.164
42.320
24.260
19.975
21.265
25.570
39.402
43.137
38.797
33.560
28.936
36.352
39.614
37.542
36.895
42.621
41.576
32.882
40.935
46.034
50.239
51.381
24.208
41.329
31.423
38.092
43.132
34.111
32.820
36.616
50.755
41.720
33.134
27.969
33.957
34.494
40.481
49.186
33.188
32.687
41.478
51.102
40.488
36.008
54.669
66.636
59.382
59.698
48.261
44.160
38.457
31.117
43.493
31.322
37.724
39.278
36.557
35.042
50.065
36.850
34.279
29.735
42.885
54.955
46.157
29.811
50.395
48.165
45.032
42.182
49.644
52.273
56.242
36.138
43.844
54.639
49.052
32.125
55.491
50.003
42.746
34.471
25.675
44.981
40.916
41.785
52.072
52.542
46.798
47.573
39.010
36.684
41.520
56.854
37.517
32.837
38.412
24.326
40.571
41.006
38.825
40.021
46.140
30.485
32.958
47.247
55.649
45.336
38.032
33.765
33.782
48.409
59.386
66.296
56.685
49.378
25.568
36.742
52.721
59.982
35.889
45.803
55.845
49.860
29.493
51.770
47.954
27.015
34.391
28.721
47.860
46.867
57.994
47.899
40.185
38.553
65.989
53.113
39.979
61.183
66.400
59.454
40.656
29.430
31.193
47.893
60.676
59.493
50.634
50.820
65.462
54.488
51.930
51.589
46.050
45.363
49.664
47.242
55.628
44.465
37.939
53.286
41.006
44.545
44.963
39.271
58.993
53.737
56.468
57.992
63.237
71.082
49.320
38.312
72.423
69.857
65.072
50.737
56.783
