52.850
48.822
53.958
53.913
62.220
73.399
42.603
47.883
53.365
47.307
64.773
65.311
31.776
65.408
78.084
72.884
62.822
66.290
47.524
53.634
70.319
62.320
48.778
44.260
62.750
58.779
47.109
62.226
56.573
48.712
65.213
52.963
47.611
53.549
39.120
43.075
34.054
46.343
45.364
53.996
34.899
62.852
60.945
40.013
48.315
65.416
64.593
45.539
67.525
41.314
44.182
52.496
53.605
34.021
59.506
55.565
38.204
32.997
44.128
59.181
65.049
57.419
38.162
62.110
67.413
62.672
54.579
46.526
65.812
48.391
49.046
39.285
35.170
28.104
39.049
34.207
41.816
39.383
42.141
57.440
61.554
35.452
30.228
61.134
51.379
36.926
42.718
39.664
41.255
27.971
17.607
18.585
46.391
36.063
47.839
52.414
45.976
52.803
54.776
49.530
32.087
36.434
35.842
48.383
50.023
49.681
55.449
46.595
44.807
46.224
44.665
36.733
35.269
35.955
25.395
33.678
30.297
28.135
25.304
23.652
19.060
34.842
30.443
32.866
29.031
29.916
30.850
21.683
27.804
34.985
36.841
45.103
38.575
41.988
34.902
31.169
22.167
20.082
30.144
40.568
18.348
24.110
16.506
21.192
31.147
25.534
30.068
24.211
26.876
26.411
33.935
37.538
29.732
41.224
44.847
38.245
43.360
44.679
43.334
28.455
36.397
53.241
47.569
36.197
55.039
58.410
38.555
40.110
44.712
55.556
56.828
30.152
27.566
27.118
25.192
25.727
33.575
40.552
40.326
31.410
29.627
38.883
45.958
36.416
31.255
41.906
45.176
38.808
24.120
59.926
58.500
37.396
27.393
40.316
37.650
43.259
29.634
31.036
29.608
46.952
46.027
35.921
38.396
26.897
30.518
29.607
26.050
21.563
45.941
59.578
52.810
53.060
45.378
28.770
37.062
27.419
26.926
29.237
43.396
47.547
55.417
46.660
43.742
62.829
53.155
37.735
53.947
34.037
35.631
40.737
33.735
34.463
40.141
35.806
48.927
46.499
32.882
42.044
51.641
30.629
47.042
53.479
44.791
40.064
38.128
41.653
51.430
52.568
56.792
39.603
35.294
48.524
38.480
27.512
48.147
35.205
37.519
47.121
42.933
47.604
49.840
55.587
40.553
50.689
45.605
56.580
38.165
77.936
68.620
61.029
60.170
41.396
37.887
49.193
35.677
59.608
46.927
43.217
39.868
45.788
51.638
50.967
48.077
44.199
54.847
57.981
47.833
38.671
50.776
49.619
61.419
60.755
47.967
44.429
61.489
46.305
47.785
72.371
82.137
52.799
34.696
44.648
38.788
44.443
74.342
73.487
53.995
41.324
50.879
62.053
65.110
46.603
53.812
52.864
36.773
38.645
41.657
53.964
51.404
46.229
48.996
42.180
48.955
53.873
61.212
56.363
48.262
49.737
47.658
53.363
45.167
54.933
52.613
45.307
33.644
39.112
38.383
48.103
38.668
50.613
53.670
45.388
32.157
51.651
30.776
21.584
47.237
63.928
57.292
27.150
31.468
36.295
34.819
31.457
22.682
46.101
68.093
67.658
63.538
45.948
92.429
78.908
51.698
52.891
68.772
