38.883
48.114
51.809
41.383
45.195
33.087
54.111
53.087
28.256
40.247
50.801
56.518
40.585
52.666
41.420
77.753
83.997
71.848
61.647
67.706
38.372
56.414
50.227
63.798
59.112
56.378
45.699
41.237
60.261
72.077
60.147
54.861
52.030
50.528
61.024
53.237
44.271
42.601
53.107
36.906
40.208
40.010
41.602
47.833
32.826
35.796
51.761
63.037
43.564
42.264
40.612
25.027
29.414
38.433
64.366
38.361
39.153
61.722
50.468
36.783
35.652
62.228
54.405
50.299
40.195
56.290
53.555
56.079
56.627
50.982
42.537
43.789
41.006
54.183
60.918
55.896
38.736
44.581
77.359
64.227
54.887
32.490
34.757
46.674
31.165
30.073
50.158
63.619
49.128
47.334
37.254
35.814
29.476
41.208
32.791
29.028
25.226
26.515
41.485
47.983
37.455
31.074
41.999
41.131
34.579
18.943
35.005
29.018
27.719
27.681
41.356
48.694
46.764
39.604
31.082
40.440
45.437
47.670
46.763
36.596
26.906
25.165
29.422
39.266
42.632
44.086
41.502
35.848
49.508
41.845
49.594
60.911
62.611
44.884
49.187
44.634
36.365
42.669
46.738
40.738
25.781
31.784
32.084
40.322
40.690
47.580
45.485
38.209
51.911
62.508
53.788
48.741
59.743
50.635
44.285
35.188
37.376
37.344
50.179
43.144
47.231
40.692
33.269
48.865
54.157
51.464
46.986
47.319
39.218
48.224
48.561
38.409
36.107
45.501
30.650
43.974
34.309
40.358
40.271
26.486
31.819
35.599
26.413
42.209
27.083
20.159
38.257
39.183
25.405
31.207
41.986
29.397
23.748
47.495
35.086
56.240
60.078
34.321
42.406
29.471
31.790
45.450
39.079
45.796
33.956
39.422
30.810
28.052
38.418
42.088
46.636
47.684
47.459
50.331
40.867
22.165
34.349
31.115
50.427
43.893
31.858
32.056
24.956
26.773
25.811
23.080
38.296
45.066
46.029
47.152
46.758
43.607
50.427
42.746
28.997
32.251
46.956
56.075
49.099
41.045
33.808
28.938
20.435
27.215
43.767
42.956
32.245
38.708
32.888
44.090
51.373
65.598
55.628
58.345
25.691
28.526
39.433
36.513
34.550
34.148
36.704
46.578
44.794
45.749
51.713
41.972
35.047
49.345
55.505
33.550
34.447
58.149
51.187
49.716
41.217
43.288
36.641
50.358
44.896
49.112
46.301
56.127
36.850
41.758
35.055
25.208
33.612
35.474
43.240
53.290
45.851
41.050
37.818
44.074
49.053
37.955
37.962
45.936
37.965
42.747
43.789
50.523
37.924
55.597
34.783
37.361
43.822
22.426
24.532
33.790
26.854
26.506
30.710
26.860
24.552
32.696
52.552
44.050
30.316
29.559
32.749
30.875
45.390
48.419
46.289
60.096
41.594
30.776
29.237
37.336
54.522
62.610
49.000
46.865
30.057
48.271
34.648
27.023
33.013
43.668
46.530
46.761
31.506
30.827
34.866
43.586
56.644
66.868
60.567
36.038
28.674
22.878
44.227
37.144
32.278
32.811
27.653
33.362
36.514
23.129
18.238
25.106
37.107
39.874
28.092
44.551
