52.248
45.445
28.647
44.667
26.788
39.787
71.209
63.311
50.260
72.805
58.848
47.031
53.460
33.895
32.327
38.934
44.229
32.816
33.879
45.546
49.023
31.146
38.864
32.923
52.998
43.654
56.229
46.823
50.210
53.258
31.122
47.501
81.646
60.314
42.658
44.268
25.993
61.361
56.875
47.202
47.810
55.823
65.084
37.190
40.769
53.247
60.805
44.221
32.008
53.045
44.929
65.643
51.576
64.363
58.842
41.988
61.736
63.298
41.195
34.403
49.856
59.153
55.165
46.460
72.398
73.493
48.215
42.287
47.194
56.117
45.572
49.360
56.828
59.854
40.412
22.144
36.673
61.722
64.871
50.476
59.789
41.103
31.504
27.314
34.047
46.695
67.070
48.279
23.086
28.791
36.005
37.056
33.149
32.487
36.829
36.385
45.391
36.875
47.864
59.361
51.892
19.039
29.793
32.643
41.438
39.276
40.699
37.972
35.649
38.674
46.045
39.602
41.217
49.191
34.165
34.820
40.729
34.669
45.439
39.863
38.421
23.773
18.337
20.642
29.885
39.190
57.792
41.632
32.606
34.898
44.871
36.905
35.676
36.846
40.522
50.648
48.872
46.447
52.410
52.847
34.464
48.730
44.047
50.121
30.496
32.570
22.573
39.938
36.247
38.230
44.043
32.656
31.926
30.344
36.351
26.443
31.810
29.315
45.421
42.266
55.104
46.214
40.658
53.200
42.470
38.722
38.555
47.483
59.325
48.038
36.065
44.708
56.498
59.843
23.993
35.891
37.774
41.847
36.344
31.027
42.701
38.427
38.910
39.794
30.796
21.724
37.415
41.353
46.145
47.063
43.804
39.067
37.861
39.257
42.560
38.871
31.763
20.001
26.863
31.314
33.640
34.825
34.992
41.613
35.565
50.200
63.169
60.040
60.674
47.824
42.436
33.183
41.875
39.897
33.892
30.532
26.066
27.744
33.757
22.417
22.207
24.404
44.912
32.371
29.510
35.945
33.896
38.049
44.307
49.651
29.690
38.022
30.667
32.109
31.452
37.372
27.665
42.389
32.046
38.907
35.180
60.585
34.049
42.482
77.665
59.491
44.528
29.120
42.047
37.143
46.381
59.739
57.675
45.435
37.016
39.338
33.257
29.361
52.945
46.349
35.823
31.269
34.161
56.309
45.001
35.671
46.535
31.599
35.856
45.279
41.953
42.595
40.224
47.597
38.478
24.064
28.014
49.663
28.280
32.525
26.163
22.475
20.420
39.097
42.848
48.937
57.669
62.933
50.880
45.505
40.817
54.656
60.778
46.311
39.593
32.959
38.407
56.230
57.817
66.294
61.810
54.442
36.927
50.165
36.668
39.482
36.679
43.492
45.442
39.734
52.136
56.591
60.859
43.629
35.795
35.598
28.253
25.072
32.900
22.894
25.341
38.471
39.534
36.984
38.351
30.917
39.164
35.082
24.752
17.965
27.762
32.485
50.978
48.765
37.605
40.227
47.954
38.904
42.405
45.866
57.370
37.742
50.043
44.198
37.654
28.121
40.795
33.214
39.354
54.686
52.339
53.230
50.854
53.019
50.323
41.974
36.527
30.626
31.003
35.476
39.322
33.353
45.108
38.661
43.505
