29.291
39.906
68.901
67.735
47.011
37.729
52.164
44.314
52.927
68.931
55.732
42.386
46.009
27.682
38.586
28.699
46.601
42.847
59.035
52.173
47.857
50.726
43.507
50.536
46.457
49.694
48.154
53.386
46.505
37.836
22.656
30.718
47.076
34.642
40.080
40.285
40.125
41.906
47.861
59.496
66.445
67.339
64.832
57.855
52.725
55.107
46.792
60.128
70.064
46.638
59.376
55.206
38.193
59.620
52.313
61.998
49.796
62.820
53.442
52.647
51.409
54.825
56.517
44.398
59.329
39.508
49.194
52.432
53.929
34.782
61.380
65.533
41.744
45.504
60.003
52.759
49.518
68.237
58.956
44.806
50.103
48.338
46.277
47.174
40.365
53.543
44.866
47.556
48.503
35.940
38.198
38.617
60.640
37.553
42.903
32.740
25.940
17.914
19.183
19.406
21.323
28.153
35.831
29.017
23.912
26.625
16.340
25.857
19.841
24.347
31.118
35.137
34.592
37.963
46.576
55.930
37.610
31.325
23.380
18.945
26.113
37.530
36.692
29.447
34.355
44.186
49.996
54.177
42.891
53.041
32.065
42.698
33.977
40.634
42.019
42.808
44.486
36.733
54.143
37.420
53.007
51.051
35.543
25.811
18.820
29.582
39.374
40.412
35.660
32.578
31.726
36.432
39.340
32.905
35.344
37.819
43.432
34.592
40.767
43.742
29.735
22.544
43.118
43.279
29.385
20.056
37.157
44.645
36.422
34.310
38.615
41.120
32.359
24.254
23.995
34.161
36.131
39.829
39.469
37.568
33.943
32.643
43.893
28.182
36.743
56.324
37.610
45.775
40.878
40.105
46.593
54.233
47.522
45.114
37.121
47.990
47.084
39.736
49.405
32.729
32.841
31.640
23.936
45.965
39.422
29.283
27.350
20.624
45.266
48.094
53.536
40.723
29.132
25.276
42.895
41.923
48.760
48.606
56.963
49.711
42.013
30.085
43.691
34.488
35.788
36.190
34.181
42.083
35.428
39.212
31.725
37.819
58.370
59.960
45.142
38.554
45.209
41.726
39.663
33.205
23.579
34.681
39.119
50.000
52.188
31.667
29.656
42.302
28.816
38.113
45.460
51.298
43.762
26.310
59.396
58.082
56.976
33.143
52.617
42.176
32.817
37.178
56.501
66.839
51.903
57.882
54.200
29.997
37.889
48.146
51.281
48.446
31.649
31.500
33.807
42.285
44.030
51.585
54.263
47.013
49.423
38.702
37.975
50.114
51.369
47.875
57.421
58.190
51.682
37.004
37.686
35.308
54.388
37.281
37.529
45.709
56.975
66.712
44.689
62.235
85.274
58.155
64.214
51.447
50.592
46.885
58.078
23.684
46.826
47.534
43.935
40.329
36.087
34.896
40.555
37.719
43.432
46.055
41.769
55.350
34.208
32.059
38.741
55.443
47.096
50.960
26.194
44.390
32.427
60.274
49.300
47.847
31.580
49.610
64.625
63.493
34.510
56.629
58.148
42.047
46.471
41.823
35.684
62.268
39.925
40.421
43.547
49.888
57.407
51.346
61.198
39.781
39.388
49.185
44.177
36.795
46.721
38.964
53.693
53.408
76.350
53.594
40.100
56.057
39.984
