49.199
50.604
36.903
61.624
61.323
46.427
32.572
44.275
47.659
60.480
26.215
32.269
48.211
39.279
27.114
38.346
51.502
38.826
45.953
45.719
42.126
54.581
47.109
42.015
30.066
39.069
32.845
29.417
43.286
30.011
58.797
50.706
32.318
32.330
29.647
51.218
34.023
41.166
72.297
43.533
42.519
43.061
36.746
44.391
57.120
46.592
27.753
40.126
48.272
47.458
28.443
48.370
43.153
53.723
65.835
54.650
50.065
66.467
60.650
61.516
57.282
35.391
26.072
34.577
48.191
44.128
47.534
33.893
33.294
50.324
62.911
64.034
59.031
50.866
35.501
42.501
57.722
53.758
37.092
35.827
33.408
40.037
40.379
57.604
67.821
52.027
45.281
30.339
34.316
22.321
33.551
28.850
35.284
43.225
45.991
64.257
55.926
46.404
39.220
50.930
58.920
58.186
38.881
47.331
43.792
35.820
49.023
37.615
45.107
34.453
31.622
32.891
39.392
40.360
34.616
29.916
41.343
37.165
43.046
22.658
22.057
34.301
23.479
19.197
28.384
20.436
32.844
41.583
36.894
45.708
43.029
40.505
44.445
36.586
38.867
22.779
24.279
27.936
20.992
24.165
34.323
31.521
32.264
41.544
36.742
53.758
47.145
39.906
33.264
29.230
29.428
31.786
46.065
37.171
45.470
24.517
32.810
35.207
48.987
30.987
50.027
45.270
39.764
34.318
36.163
28.839
25.172
33.356
27.325
32.338
32.134
39.048
43.099
30.611
38.889
36.780
41.409
65.577
56.097
49.561
42.734
34.802
26.555
42.956
42.509
40.309
35.367
37.958
32.208
39.492
38.157
43.198
38.072
39.205
47.041
44.676
46.202
42.488
42.734
39.187
35.581
39.504
41.569
50.017
58.639
51.149
49.025
59.535
50.928
56.650
45.283
34.113
47.632
38.783
47.179
29.337
35.422
38.410
36.950
29.531
29.193
38.859
30.829
41.527
38.809
44.944
42.012
35.231
29.917
39.877
37.860
41.597
34.563
28.992
41.334
47.495
54.124
54.449
48.958
43.937
46.181
32.540
29.551
37.151
34.244
35.545
59.145
52.295
49.497
54.800
50.890
52.148
32.228
50.450
38.365
46.349
33.682
57.378
45.396
57.001
57.138
66.366
70.711
63.923
49.174
40.436
42.179
55.184
43.006
43.072
51.203
57.044
49.663
35.274
43.001
49.506
60.027
39.064
34.410
49.774
53.745
57.179
62.950
45.619
32.807
39.198
54.763
45.940
37.250
65.859
47.783
47.389
41.704
36.552
38.154
43.851
58.432
36.741
43.709
50.148
48.914
41.495
35.017
55.253
44.841
44.317
50.413
48.237
36.947
44.378
59.879
38.748
38.659
42.301
44.363
43.467
35.478
54.024
60.936
56.095
52.781
46.062
46.271
45.076
50.895
51.362
53.505
34.481
58.885
58.346
54.305
58.237
45.408
47.013
32.089
30.201
62.871
41.052
75.822
59.232
39.141
51.491
49.563
61.458
61.842
41.171
48.873
50.411
63.932
54.190
26.936
49.256
57.981
50.644
77.742
67.373
54.375
38.400
58.454
59.257
45.229
37.965
67.862
70.715
51.939
49.212
