69.336
61.668
57.449
54.208
54.155
69.827
59.428
63.485
37.859
58.105
44.942
37.389
71.163
45.472
73.837
61.654
44.860
36.213
66.763
78.677
71.175
49.619
56.068
40.078
61.972
49.116
70.927
67.734
42.849
55.521
59.832
54.464
46.250
51.202
37.075
69.035
55.011
74.875
70.816
55.342
24.702
47.944
38.708
49.430
29.024
42.988
30.325
51.057
51.673
35.119
48.975
37.396
34.596
35.774
32.754
33.584
47.836
46.349
38.466
39.077
32.635
25.202
29.418
47.281
41.506
41.852
37.151
53.174
48.584
56.501
42.648
31.142
29.517
23.506
22.574
37.179
47.321
44.951
40.361
37.934
37.564
49.077
52.488
52.436
43.048
36.746
36.553
37.178
30.305
31.833
42.775
31.533
41.331
35.479
59.329
44.420
41.875
33.548
44.050
67.968
49.607
35.997
43.680
48.446
40.707
42.421
32.923
52.603
52.315
55.260
60.505
45.998
44.260
30.368
31.191
27.021
46.970
52.082
45.430
54.847
46.676
24.467
41.532
40.502
50.862
37.039
41.324
42.348
31.931
42.829
46.306
55.847
48.693
42.074
39.185
29.679
39.826
45.174
34.451
39.434
45.239
42.794
34.305
49.892
36.500
26.838
22.639
29.439
26.284
23.053
35.648
29.399
40.206
45.270
49.605
43.589
37.243
39.186
40.390
42.095
44.526
47.355
43.404
55.555
65.214
43.689
36.993
57.317
49.591
52.813
50.702
44.033
30.992
32.516
18.720
13.570
21.053
31.958
32.183
27.891
46.993
39.371
44.223
22.953
33.383
24.261
31.846
43.788
40.965
47.035
43.024
25.873
33.518
45.838
45.090
43.886
43.817
35.605
38.644
38.042
40.761
28.852
27.057
20.967
32.502
48.798
47.507
39.144
36.230
33.193
33.129
35.862
34.989
30.273
41.121
44.832
37.603
33.519
19.048
28.222
38.686
39.085
35.181
35.123
33.703
47.510
48.010
35.913
38.680
36.099
45.468
44.508
50.997
51.520
37.803
33.365
49.675
54.455
32.975
26.163
24.172
29.615
31.750
35.710
41.288
44.716
42.126
46.867
43.558
36.080
33.096
34.930
39.340
45.200
44.585
37.275
45.786
27.372
25.736
36.328
38.894
41.509
67.940
71.327
56.651
24.020
39.215
36.501
42.814
40.891
31.606
37.002
43.153
49.284
49.166
48.012
52.726
53.661
43.754
44.362
38.931
36.203
60.528
66.162
61.593
64.409
66.581
57.870
56.453
50.848
33.226
48.022
40.385
30.672
45.628
43.781
29.010
34.383
46.508
32.436
38.692
38.844
51.843
68.198
69.758
77.267
50.255
45.975
52.786
47.267
41.583
44.276
38.063
44.893
34.222
42.354
50.861
50.217
57.561
45.414
37.044
54.621
51.892
50.811
68.924
65.007
40.947
50.994
52.031
46.509
35.742
72.406
66.912
43.507
50.337
57.597
61.363
45.966
40.397
35.432
46.390
52.889
57.784
52.245
44.449
52.579
57.547
44.033
64.319
62.554
54.618
32.042
38.099
32.582
37.426
37.175
56.072
21.530
38.226
35.807
47.891
39.970
35.236
36.790
30.291
