48.188
57.966
47.453
38.760
39.092
39.360
35.875
38.509
64.610
40.930
62.075
72.745
72.047
46.651
55.793
43.117
41.463
75.068
82.217
57.284
57.132
44.953
68.010
64.100
51.750
65.197
69.080
48.975
59.256
41.215
53.286
54.609
38.830
49.918
46.736
34.409
32.813
36.273
39.530
46.155
37.513
47.505
38.491
48.611
39.769
28.328
53.359
37.088
27.210
33.654
36.971
25.066
28.733
26.135
32.384
27.038
54.952
44.490
50.648
48.673
47.522
65.777
45.845
35.478
38.901
25.760
44.347
35.958
54.092
54.933
57.353
28.896
49.865
47.583
43.891
61.630
39.007
29.820
52.872
67.816
39.672
52.481
60.138
49.084
61.276
51.288
40.832
28.311
46.481
48.645
42.157
51.336
66.148
61.169
65.537
51.890
57.520
44.824
39.015
61.415
56.294
36.243
47.032
51.713
55.035
38.931
43.309
61.117
54.679
41.910
40.366
31.184
43.754
46.726
45.790
45.006
36.781
33.760
42.654
47.894
43.259
33.850
32.996
34.191
42.088
42.473
54.098
58.884
52.007
46.118
52.265
53.453
42.632
25.983
25.564
62.805
53.385
37.753
53.494
51.433
39.377
41.849
54.375
58.683
55.107
43.357
36.358
35.372
39.697
32.152
41.058
54.777
38.728
33.666
39.080
35.141
49.323
37.436
44.395
33.379
35.598
32.296
26.905
32.586
28.000
26.867
32.645
29.776
32.105
29.925
41.921
30.430
18.087
36.141
35.391
30.277
33.067
34.965
30.715
32.719
33.032
34.977
37.580
54.913
50.352
52.302
58.321
45.068
44.332
33.068
29.411
28.954
35.434
39.606
49.171
45.777
46.402
50.681
44.270
37.342
33.471
32.479
25.333
27.461
28.572
30.748
41.221
46.864
40.399
44.594
42.174
35.292
35.430
29.376
43.210
57.457
59.868
46.499
57.004
48.376
18.772
25.744
29.686
32.175
32.492
39.379
57.033
25.034
27.421
21.573
26.401
31.868
33.237
44.576
47.717
51.487
50.645
43.229
44.154
33.101
49.277
46.503
38.989
40.287
39.655
56.283
43.072
48.462
45.738
49.891
46.596
37.969
48.010
40.303
52.077
41.909
48.386
56.048
53.781
39.229
29.064
33.413
43.078
48.376
41.895
50.317
50.621
28.709
54.637
55.678
48.541
52.761
54.278
38.798
53.913
40.028
49.877
36.765
41.531
38.916
36.389
46.073
59.710
43.108
44.188
44.282
49.171
40.051
43.922
28.225
49.068
44.686
48.426
49.003
37.112
39.320
56.696
47.800
58.195
55.587
49.355
23.436
49.427
57.427
57.914
49.312
47.752
46.061
30.178
64.713
65.217
39.508
69.891
67.985
61.247
34.010
54.445
57.713
51.225
39.247
38.521
35.749
56.702
49.291
45.656
32.518
36.975
41.337
62.711
58.180
35.061
37.266
35.255
44.849
41.089
53.507
60.464
56.362
39.507
55.218
42.234
52.817
35.350
25.511
39.344
44.593
52.725
41.474
63.718
54.298
59.263
52.144
57.177
51.114
53.341
37.114
41.183
46.047
43.205
34.368
47.699
48.449
41.424
43.335
40.108
