70.229
57.256
47.954
46.640
38.412
45.416
36.977
31.787
44.386
48.020
47.977
37.576
72.589
64.118
52.825
58.309
46.375
40.659
26.899
30.556
24.394
38.751
57.241
46.268
57.906
42.726
20.677
35.943
36.061
35.784
32.082
35.543
28.308
65.073
55.394
43.222
64.441
72.812
75.846
68.662
50.975
59.062
72.074
59.128
38.224
41.178
43.118
30.556
43.429
53.454
51.570
33.127
25.112
35.253
58.043
68.679
62.586
45.802
37.718
58.457
47.546
38.930
60.982
52.842
48.046
61.395
47.492
39.088
55.102
63.473
60.559
23.760
35.720
26.754
50.080
36.698
38.292
37.495
40.875
37.592
37.161
32.253
38.996
41.025
32.364
24.689
34.978
32.360
28.344
44.894
40.600
29.522
43.582
37.428
39.395
29.229
29.428
31.344
31.594
35.621
43.451
39.404
42.284
54.620
50.725
41.603
37.039
36.780
27.217
27.995
38.856
35.913
42.758
49.660
46.842
52.541
45.303
51.602
33.976
34.463
37.710
36.056
34.685
27.817
19.851
40.648
41.693
42.320
35.595
38.765
34.135
32.182
33.921
41.683
53.352
40.073
41.315
32.488
23.956
28.276
34.200
40.546
32.589
31.553
24.652
35.730
26.398
41.461
42.829
24.717
31.194
28.740
48.267
49.728
50.503
49.585
38.509
40.356
38.068
37.448
31.224
40.648
31.717
28.929
39.246
29.305
27.629
30.796
23.149
46.038
47.256
36.175
30.541
39.588
57.664
51.631
55.398
49.445
38.561
29.436
40.017
36.764
28.905
27.692
30.850
31.780
37.778
38.660
31.527
39.030
38.159
53.619
40.737
29.408
32.974
36.780
41.404
39.503
28.348
28.976
16.307
31.161
28.870
33.329
35.650
32.317
33.263
32.322
50.700
58.638
42.693
40.637
41.473
38.150
46.434
44.664
32.935
22.893
29.111
30.819
41.099
31.818
30.935
26.351
31.812
18.807
24.995
29.334
32.609
32.017
37.868
49.973
34.776
43.064
38.810
40.933
41.417
50.179
41.152
27.177
35.160
34.415
45.274
52.765
49.917
51.738
45.137
44.543
53.114
45.317
49.009
35.868
49.476
38.405
60.899
46.218
28.962
29.452
48.576
40.723
27.003
42.160
51.362
36.523
29.536
51.536
34.123
26.843
45.341
47.885
51.612
42.596
43.015
41.791
40.475
31.836
36.340
38.165
32.318
37.326
53.083
53.267
57.478
47.684
46.476
58.482
52.247
51.414
45.952
46.200
49.269
44.787
43.099
42.293
38.320
35.104
34.039
32.366
38.157
25.455
33.222
39.334
54.236
68.268
44.558
56.217
59.536
40.144
30.048
41.268
36.197
38.849
42.432
39.233
41.869
26.651
48.740
58.591
48.565
39.382
40.425
41.651
36.043
44.419
47.853
39.424
63.269
74.731
74.124
64.467
34.260
52.893
59.429
49.569
54.345
64.058
42.687
35.565
32.572
37.969
37.302
50.115
51.550
57.450
70.600
40.932
50.656
56.431
36.837
49.882
32.963
41.696
30.798
40.715
46.298
53.362
50.465
54.531
59.895
29.738
38.753
27.607
42.347
37.100
47.132
43.988
