44.119
49.037
56.947
41.777
46.845
55.242
73.304
51.149
56.112
44.044
44.513
40.142
39.437
37.242
46.894
36.498
49.785
47.669
69.301
85.246
66.990
49.304
59.353
58.325
60.391
70.978
62.470
33.566
70.287
53.442
65.429
62.055
48.741
43.712
47.211
33.660
33.203
47.886
38.660
45.676
62.237
57.219
42.250
56.048
74.009
71.608
52.572
46.235
32.930
57.313
57.733
50.425
70.024
70.085
63.017
54.874
46.066
45.920
32.544
47.978
43.860
35.223
45.296
51.770
50.121
52.783
37.289
33.813
32.618
53.387
53.364
41.860
44.340
43.000
42.241
39.946
50.946
51.008
44.875
36.467
34.848
33.932
30.178
27.367
29.724
28.208
44.837
45.813
42.062
41.136
39.244
50.520
42.478
53.166
38.560
40.016
42.365
30.525
43.637
46.680
45.626
49.543
31.793
33.432
29.473
30.179
32.050
34.854
40.391
44.589
25.448
20.802
28.501
43.571
48.457
42.136
45.175
41.276
39.177
45.086
35.423
44.994
29.452
36.563
33.912
45.696
53.580
45.695
39.499
30.004
28.797
21.208
37.100
53.182
33.988
28.989
32.332
40.575
33.111
42.941
46.527
38.537
32.598
41.414
47.265
55.512
56.060
49.033
54.126
32.632
35.790
30.476
39.154
31.510
48.467
57.847
39.765
44.350
49.933
30.634
46.162
44.213
42.665
37.636
42.385
31.241
45.457
52.270
48.335
32.125
37.870
30.823
48.081
47.195
38.507
24.045
24.874
40.479
36.412
23.583
36.494
41.536
37.095
38.217
47.724
40.832
39.099
39.252
34.967
43.053
41.196
43.991
44.502
36.526
28.500
34.021
33.638
23.543
29.754
38.302
42.987
44.652
48.842
37.731
33.271
36.139
33.138
38.474
42.741
39.394
36.098
32.953
21.345
40.221
39.822
48.553
51.823
66.894
65.577
34.708
32.424
27.548
29.519
32.194
31.176
42.346
39.120
35.077
37.915
53.452
43.208
35.048
37.860
58.244
27.959
39.047
52.962
37.247
37.038
57.117
52.199
42.695
45.270
51.378
41.350
37.808
41.645
42.754
39.802
42.251
64.842
50.915
31.509
34.759
46.217
47.557
51.662
46.031
39.601
49.664
44.746
40.348
42.095
46.072
37.184
44.916
39.773
46.859
39.136
52.980
38.178
56.273
45.847
28.791
46.932
37.137
48.618
50.341
50.700
63.735
68.733
37.845
63.746
73.294
63.101
47.209
58.854
60.721
57.096
46.234
36.127
36.058
36.395
28.258
27.323
37.022
45.782
53.332
49.482
54.992
58.229
38.952
44.160
52.158
39.758
46.744
47.701
28.390
53.052
40.898
37.425
53.738
30.279
52.597
49.276
40.617
50.584
56.510
52.575
53.313
42.255
31.577
34.146
33.763
54.331
63.415
45.231
36.441
36.498
35.257
30.132
40.061
41.084
38.894
35.554
30.197
28.923
30.467
23.847
40.364
38.170
39.868
49.799
53.355
44.769
45.691
36.765
62.335
76.878
79.777
66.398
24.980
36.992
35.025
35.048
49.082
45.435
29.387
40.076
41.455
58.701
47.093
52.772
45.658
34.879
