38.715
54.322
63.796
56.149
58.248
45.081
47.324
39.575
27.891
38.674
31.925
34.875
56.425
41.964
49.758
73.437
68.230
57.976
45.700
63.237
54.766
43.789
43.833
62.203
56.704
27.975
58.989
67.190
48.129
47.742
39.482
24.814
50.607
33.478
42.388
79.900
77.606
30.051
30.686
31.421
48.530
38.068
32.622
29.857
45.490
61.015
47.178
22.680
36.750
37.329
29.293
42.752
34.596
37.470
31.592
40.863
55.817
46.788
55.737
31.876
28.275
22.912
32.171
21.934
22.383
24.060
46.599
43.748
37.738
34.845
32.246
22.246
29.746
30.533
42.776
45.159
42.845
35.306
30.324
37.782
30.526
32.142
38.261
28.998
38.010
45.594
41.684
37.358
26.541
18.470
35.453
32.588
35.344
31.392
29.815
47.249
49.715
44.946
40.028
33.406
47.394
56.155
46.153
46.208
35.077
27.164
50.522
61.615
60.229
49.708
32.043
38.570
30.922
48.092
54.135
45.644
38.310
40.166
44.609
30.234
19.015
31.598
34.255
43.294
47.376
50.738
36.186
46.086
42.154
52.471
33.519
48.155
41.255
27.603
37.682
42.989
25.711
29.975
34.993
60.636
73.696
32.709
47.420
61.545
44.246
45.124
60.323
36.154
46.676
45.770
28.403
33.054
36.834
54.385
59.189
50.725
42.844
51.692
34.365
26.484
26.788
25.033
24.832
28.706
36.985
40.796
30.078
36.443
60.203
64.772
47.870
50.089
43.675
41.321
47.369
42.221
56.937
51.213
48.768
43.093
36.345
41.265
21.065
28.853
38.172
35.939
31.372
37.255
26.514
41.332
54.669
40.063
25.773
32.980
36.794
37.341
43.930
34.646
37.717
34.573
18.786
36.940
33.184
37.676
51.396
35.640
35.807
37.984
44.211
44.588
45.226
43.722
