36.321
39.915
33.545
48.568
57.567
44.512
33.707
51.691
50.840
45.364
41.804
41.483
59.354
41.988
46.755
48.810
58.688
56.117
51.341
36.602
37.187
36.919
45.610
37.983
56.449
51.599
43.511
52.193
49.637
61.806
52.493
39.128
31.456
32.473
35.456
35.566
38.900
36.274
48.636
53.501
35.889
37.728
37.359
37.947
31.031
52.645
40.368
24.253
25.386
18.040
27.844
46.244
68.632
60.979
50.026
58.411
46.857
35.867
43.512
41.930
43.510
40.153
56.913
35.019
51.339
59.874
40.599
34.689
41.924
62.986
39.836
40.585
36.458
43.606
39.202
36.995
68.972
45.713
48.223
43.601
42.432
34.930
34.202
38.120
44.749
46.975
20.623
36.587
47.010
48.757
34.955
29.600
39.217
48.561
35.851
32.849
35.249
41.042
42.009
36.584
29.089
43.871
62.687
58.046
31.121
34.066
40.005
38.415
31.118
29.638
27.895
39.718
28.682
45.278
46.261
43.066
37.805
42.015
40.627
42.046
37.296
37.569
43.914
43.891
42.310
36.907
44.292
38.450
25.094
21.030
23.567
31.690
34.734
39.128
39.514
35.203
46.369
47.796
33.384
46.475
53.052
44.231
22.472
38.811
53.538
52.255
56.531
56.978
45.816
51.097
47.138
46.974
40.289
40.189
26.938
35.516
27.947
33.700
43.621
50.987
41.636
47.568
48.456
47.765
30.942
34.289
25.989
28.906
32.148
32.994
29.736
48.748
41.210
24.353
35.325
28.716
33.214
24.761
18.586
32.215
34.062
30.972
42.923
31.991
34.566
27.933
29.863
32.224
30.303
37.751
58.551
25.460
44.750
39.034
40.689
30.223
46.564
47.579
48.973
40.968
33.444
28.859
24.739
31.738
37.760
28.943
32.289
30.224
32.206
19.403
34.647
37.390
41.590
43.549
34.441
41.964
37.035
44.086
23.452
40.616
33.063
42.586
44.476
29.896
37.648
38.767
22.117
22.599
35.770
34.842
33.805
35.991
43.204
37.467
44.507
48.845
34.566
41.110
54.832
66.420
62.554
53.131
39.690
33.989
45.356
74.742
69.774
58.202
45.368
33.004
33.153
31.343
43.678
43.663
41.872
34.774
43.735
53.919
34.959
46.223
37.137
39.623
40.976
59.003
46.637
41.832
38.991
37.617
44.061
28.262
24.756
31.454
35.881
49.595
57.061
31.364
35.970
40.518
37.753
37.154
41.718
38.283
37.817
30.688
47.166
40.443
40.142
52.170
50.521
45.640
48.399
41.115
35.822
39.086
37.646
48.910
38.131
43.760
47.371
38.658
52.043
67.516
62.557
38.754
57.351
48.840
37.641
43.622
58.422
68.311
49.048
38.786
42.438
47.797
49.022
51.987
56.578
53.504
56.389
54.784
45.058
40.942
23.985
32.803
40.772
45.896
53.607
52.424
60.470
32.204
35.747
48.382
38.021
55.420
56.661
47.483
37.179
42.081
53.943
24.544
46.022
31.903
15.656
60.932
51.887
37.481
55.030
74.351
70.894
34.101
33.746
43.062
48.993
57.641
52.713
56.115
47.698
43.284
46.887
52.092
59.458
53.567
43.085
47.576
57.783
