40.660
51.760
50.633
33.042
40.353
24.309
58.266
41.862
60.984
73.279
50.576
62.004
69.029
57.183
53.567
66.519
52.512
49.996
42.091
44.028
43.117
66.987
61.328
58.941
58.688
33.638
53.664
32.823
44.613
34.862
58.224
57.332
43.222
41.885
43.316
54.997
59.594
64.509
48.345
45.593
39.850
45.149
32.570
36.200
39.558
61.958
52.242
66.274
36.659
62.695
64.421
38.476
41.494
40.354
63.619
48.840
32.924
66.021
73.754
46.186
44.343
26.912
46.401
45.410
32.495
34.146
34.249
37.572
36.075
42.203
57.219
78.064
41.911
37.934
37.091
52.626
64.054
48.010
48.105
50.985
48.794
53.110
49.125
52.962
46.905
57.976
67.461
57.424
39.437
45.601
77.152
68.254
51.105
43.532
42.895
62.376
51.761
54.315
44.601
46.890
35.264
34.047
54.991
44.510
48.724
69.505
45.955
43.813
34.111
27.434
38.337
50.234
46.270
36.055
28.060
23.913
30.886
34.750
36.021
29.336
27.048
26.001
34.537
34.186
36.617
38.340
30.266
42.223
37.170
28.688
28.040
26.047
23.051
28.910
43.199
34.520
38.456
32.103
26.953
37.628
35.943
34.367
34.273
30.559
36.339
41.108
43.071
40.717
26.644
23.119
23.826
32.788
32.270
42.065
30.450
33.335
40.302
49.346
32.090
37.226
47.008
48.768
35.899
39.354
26.743
30.871
26.207
48.972
55.438
48.913
43.802
31.963
45.738
48.638
63.576
40.793
49.390
41.695
51.831
39.076
33.149
25.662
28.101
44.491
49.889
43.497
52.128
55.131
46.084
28.708
30.378
42.963
38.216
32.453
31.361
43.114
33.858
30.502
52.438
58.301
56.251
50.450
32.646
34.990
38.849
29.010
35.430
40.949
25.529
30.605
51.487
40.553
43.695
28.240
43.822
48.828
38.635
37.133
37.833
40.786
42.232
37.204
31.486
33.693
38.982
34.226
48.852
57.420
60.326
45.907
33.770
35.277
46.233
59.279
32.331
33.361
46.365
39.792
50.926
54.719
53.538
41.697
34.262
51.100
36.544
46.015
30.561
31.259
34.944
31.736
41.771
39.970
39.113
25.838
33.222
39.699
32.588
30.969
27.405
39.919
45.699
28.841
47.641
39.784
47.985
49.740
28.342
64.825
56.115
50.627
53.161
48.682
55.871
51.141
52.298
36.501
41.300
24.094
34.500
51.895
69.065
67.094
63.289
52.063
52.781
48.129
54.226
44.163
38.137
44.206
49.101
80.859
51.252
40.899
55.720
61.789
58.403
49.658
50.793
39.553
29.333
26.656
37.472
33.839
70.430
68.957
53.570
54.056
43.619
58.141
49.191
40.476
37.513
41.693
52.121
59.166
45.707
33.990
53.386
55.055
38.114
45.223
59.966
47.982
42.586
32.648
44.340
41.977
44.442
40.202
31.395
35.087
53.533
54.614
34.036
41.918
43.416
50.581
62.583
58.827
46.309
45.470
35.110
48.530
68.326
38.445
72.566
60.845
48.459
68.464
48.929
42.251
44.210
47.391
53.918
47.238
32.266
45.106
53.946
35.955
38.956
35.730
25.908
30.232
50.837
