44.574
56.971
50.121
36.961
61.609
57.951
50.070
36.941
34.482
43.141
48.803
56.820
41.274
38.817
55.763
45.462
42.296
35.287
50.395
59.707
43.312
61.666
64.909
44.304
66.925
65.297
59.008
54.146
38.328
38.757
38.810
39.683
25.985
35.396
39.096
37.174
46.339
49.656
49.058
50.443
29.886
34.401
24.064
30.338
21.350
25.238
29.821
30.523
32.579
59.755
47.314
61.242
62.421
42.423
28.740
31.112
41.548
53.255
63.079
45.318
58.049
57.643
49.641
42.032
37.077
42.256
43.947
43.583
40.539
49.067
41.318
48.699
33.607
58.099
53.039
33.203
41.866
37.000
29.171
27.827
29.799
32.656
33.296
29.997
39.137
53.729
34.947
25.012
44.925
34.513
43.800
36.580
44.789
34.353
42.045
39.425
43.867
35.745
35.833
32.736
43.194
45.889
48.851
44.515
51.279
59.591
56.753
44.017
33.372
38.525
30.225
41.794
29.428
28.344
41.678
35.983
64.758
72.503
66.846
49.209
38.905
37.502
39.569
47.033
45.131
40.891
32.847
37.805
42.557
32.237
38.353
32.148
42.440
33.923
33.308
35.101
31.791
39.337
50.668
46.471
50.123
49.401
44.648
30.314
30.011
37.473
34.836
34.850
47.203
33.809
33.403
41.308
36.658
32.766
27.405
34.870
47.094
44.059
18.223
17.481
20.478
42.888
40.592
37.380
39.179
19.947
25.509
30.660
35.318
28.563
51.997
47.310
39.378
34.312
37.601
35.698
34.037
44.702
51.321
58.562
56.886
37.313
43.789
23.880
33.519
48.100
46.186
34.963
21.228
45.500
43.835
41.248
33.485
27.600
37.129
30.090
36.498
37.688
37.463
40.566
30.312
45.148
57.501
43.899
30.134
41.906
50.304
39.846
31.016
31.551
46.925
49.755
61.475
61.179
53.534
50.849
56.846
43.388
36.605
29.888
26.404
25.519
28.921
40.068
38.355
40.410
53.933
52.340
36.958
41.397
35.125
42.870
38.102
33.999
30.386
36.301
39.864
28.780
46.991
58.983
53.748
48.272
46.516
34.572
42.407
34.776
40.748
34.903
54.698
59.662
43.564
34.225
42.842
45.656
44.042
63.812
70.427
63.896
59.858
52.417
48.050
50.021
42.642
46.445
42.739
36.575
58.335
54.948
37.102
36.407
42.040
35.472
62.603
47.066
29.206
50.247
58.358
48.183
44.013
41.404
34.243
40.658
52.671
44.285
32.967
34.242
43.436
54.811
64.088
31.077
35.234
48.492
49.103
46.232
39.344
42.321
40.685
31.443
49.658
56.370
43.480
43.582
32.425
39.298
31.797
45.842
48.993
62.528
65.069
58.264
41.314
33.726
41.344
35.123
37.952
53.352
47.669
42.029
55.998
45.539
37.790
38.907
57.143
65.301
40.832
29.429
20.896
52.926
50.024
33.142
33.067
38.939
55.719
31.100
66.771
60.755
43.951
43.262
42.103
30.523
33.041
48.326
51.612
40.720
42.968
41.780
37.990
41.382
44.159
52.320
43.443
49.865
58.638
65.329
49.610
35.436
41.681
46.077
49.203
51.613
46.685
59.245
45.973
45.936
