47.373
48.863
35.406
35.690
49.668
50.199
45.769
41.523
46.460
41.545
38.236
59.835
49.142
39.387
59.919
42.178
31.191
23.686
31.310
28.213
33.052
44.042
29.151
40.616
35.960
24.612
33.425
36.676
45.220
37.427
45.362
66.326
66.430
60.859
47.797
48.892
45.786
37.143
36.157
47.695
45.553
38.984
35.518
37.693
49.173
50.820
34.373
25.926
34.879
35.034
32.658
39.126
36.654
55.618
67.819
35.318
28.434
24.987
45.975
56.148
39.688
49.968
34.531
25.366
39.638
32.288
40.804
61.218
41.474
51.909
38.327
30.661
27.810
25.755
32.617
55.906
60.660
46.883
34.565
28.185
34.445
39.208
26.690
28.382
24.422
40.472
55.839
54.761
39.452
35.412
35.032
44.308
42.396
38.828
36.217
32.843
37.925
33.356
32.353
29.411
32.213
48.378
45.319
33.512
47.518
37.077
50.678
54.761
36.815
46.168
47.029
44.278
50.434
56.032
49.255
39.410
56.395
58.764
39.457
29.828
41.991
33.167
39.742
38.163
47.807
40.251
39.252
33.316
37.604
35.881
39.167
43.698
34.682
43.395
48.978
34.262
36.783
39.746
42.235
47.225
25.576
26.473
30.158
32.108
34.381
40.642
41.932
37.862
27.823
29.424
27.671
47.918
40.507
43.348
44.886
34.006
32.748
26.735
22.580
27.644
43.815
36.739
54.587
41.831
40.944
33.286
23.815
38.808
44.437
32.873
37.474
29.674
22.293
37.995
54.132
58.058
45.633
34.164
37.464
32.993
31.119
36.921
32.777
34.922
36.759
33.037
40.234
45.764
33.746
32.565
25.488
30.406
41.043
43.521
41.669
24.837
29.819
28.320
32.314
51.360
50.400
53.706
46.665
52.152
34.275
31.402
38.965
34.911
38.037
33.179
21.184
23.368
30.934
47.186
38.024
64.868
43.880
28.199
33.123
36.762
41.439
44.358
46.393
46.267
41.124
36.654
34.457
27.796
50.814
50.087
44.183
51.441
45.851
39.005
41.897
47.341
27.860
31.511
50.439
46.673
43.262
34.131
29.876
33.964
35.246
53.394
54.879
45.386
66.097
48.410
50.522
47.771
36.877
38.842
37.875
36.904
45.096
29.801
64.773
69.440
60.727
52.522
53.239
60.410
57.714
49.959
42.834
30.207
43.195
48.026
54.822
48.239
40.871
48.192
41.451
49.228
69.910
32.798
36.235
64.032
38.805
46.741
53.166
51.381
39.847
55.797
59.995
67.568
56.584
46.807
34.398
60.659
64.901
37.754
57.218
60.250
61.556
45.962
43.045
50.608
37.101
45.816
45.234
42.420
35.543
36.790
37.725
41.748
48.751
60.420
51.577
58.004
68.196
51.810
46.279
46.173
41.108
58.969
40.931
39.470
48.296
65.860
52.062
46.167
46.717
26.974
45.354
43.397
33.250
28.282
35.875
45.702
39.796
37.390
42.521
55.569
67.599
66.833
55.596
43.561
56.270
49.355
26.323
48.531
37.899
36.569
52.912
57.350
45.516
49.546
42.511
37.579
40.907
42.703
71.636
62.980
28.678
31.331
33.211
31.744
30.767
35.607
43.852
31.967
27.380
