66.122
77.906
68.024
56.456
55.789
54.373
46.441
41.079
37.750
61.468
72.850
47.836
64.437
70.911
58.563
54.056
48.664
47.244
55.134
45.040
37.754
50.473
62.018
57.948
35.087
53.463
45.880
53.117
69.099
56.964
55.085
47.196
42.351
54.127
66.474
64.695
58.179
46.527
45.403
43.563
38.274
41.673
33.413
36.771
40.917
53.092
38.979
36.588
27.216
42.080
43.833
40.242
57.783
57.567
54.063
36.340
35.014
53.807
38.245
44.723
46.084
33.228
46.776
49.592
47.235
34.035
40.300
48.352
53.582
41.524
41.757
43.927
73.285
66.671
56.534
48.898
42.733
42.900
46.831
40.434
47.380
54.245
32.715
55.249
44.919
24.499
58.828
47.318
34.003
29.759
25.572
25.098
30.266
27.639
29.887
30.080
27.090
36.136
28.837
41.673
32.086
42.447
28.007
35.754
30.782
27.888
47.034
59.025
58.962
61.162
36.855
24.546
30.671
33.132
49.959
47.979
46.156
42.580
27.559
37.884
41.642
43.378
34.669
31.512
28.460
32.134
57.626
44.446
51.387
51.749
50.049
35.214
54.159
50.663
55.944
46.378
40.193
60.582
64.108
53.660
30.363
48.928
62.918
54.243
53.063
51.444
39.878
48.169
45.475
40.443
29.413
34.295
49.438
40.179
40.916
37.718
34.822
40.497
38.756
51.405
47.600
38.567
25.256
40.692
42.422
49.423
46.849
32.515
34.052
48.335
52.702
45.973
64.147
49.696
39.232
40.016
40.048
38.094
52.646
49.801
45.738
40.117
26.354
30.939
26.661
30.717
40.337
55.068
34.421
48.420
42.041
23.920
37.206
42.487
49.147
50.985
34.420
29.987
30.792
42.237
54.357
53.457
51.329
28.547
35.406
24.865
35.724
58.611
54.514
34.867
37.946
38.946
33.733
32.142
42.036
43.750
41.263
46.075
46.063
43.234
43.579
45.517
43.870
32.329
33.081
44.363
38.718
21.421
52.621
65.339
56.946
43.684
31.004
30.249
29.973
51.455
60.744
50.241
43.265
61.204
66.011
41.518
51.477
41.167
45.762
40.916
38.514
61.347
58.524
42.789
43.097
40.064
42.629
46.454
44.158
40.393
32.171
41.770
54.706
45.956
32.989
23.652
36.965
39.552
35.652
40.661
29.777
28.012
35.822
27.702
52.047
39.666
49.840
31.154
40.555
44.336
51.668
37.774
33.538
54.491
45.229
46.725
59.617
58.509
52.834
41.376
36.102
40.325
41.468
39.555
32.886
34.735
38.526
33.608
35.946
34.233
46.079
49.759
45.728
43.927
55.379
54.928
41.332
30.549
28.288
41.805
41.580
53.528
62.910
67.540
64.877
43.940
44.102
48.387
43.614
51.610
62.350
66.362
50.675
40.730
38.409
59.834
55.440
67.398
66.141
59.388
61.509
52.323
44.519
52.802
59.144
51.806
46.849
37.624
60.142
35.656
40.784
32.734
49.491
28.095
44.511
27.528
50.853
35.312
53.051
63.276
67.911
64.794
60.039
65.537
53.124
40.456
54.075
48.008
44.309
42.220
36.165
59.371
48.687
56.299
54.871
61.023
44.875
37.638
36.994
56.509
