34.476
53.257
38.601
24.165
33.505
33.756
27.705
42.658
52.243
46.423
50.623
53.165
31.456
35.253
34.288
48.874
43.970
32.081
28.135
63.902
53.876
31.686
35.858
30.249
42.127
53.296
50.456
58.125
36.310
32.587
28.136
44.244
47.479
50.853
32.758
33.721
45.600
48.229
35.736
40.344
47.474
36.279
31.737
41.967
23.095
27.817
33.375
36.821
41.408
36.918
24.195
40.897
44.329
36.989
34.993
34.056
30.565
51.700
34.273
27.513
34.587
35.794
27.036
43.071
42.826
54.625
47.950
54.149
47.393
37.941
53.279
51.355
46.715
40.124
45.757
44.831
38.924
41.322
36.983
31.927
28.904
38.313
35.959
34.093
30.999
33.822
44.484
38.531
35.049
34.326
33.571
33.664
35.809
22.582
28.072
41.026
40.145
34.784
36.026
37.363
47.522
39.239
51.645
38.438
39.484
54.360
51.416
34.283
24.228
39.696
45.212
39.236
45.278
37.559
39.255
40.329
45.024
40.663
46.078
32.123
24.722
24.896
49.394
37.523
27.302
42.887
29.954
41.421
30.403
25.093
20.222
27.132
25.676
29.143
37.684
36.933
44.092
33.084
39.887
28.182
29.064
47.524
46.804
45.422
46.448
29.014
37.055
33.242
39.635
60.317
47.314
45.808
41.110
42.363
40.153
35.869
29.254
24.211
34.428
38.220
22.901
40.864
43.809
28.782
27.877
26.042
30.273
34.320
62.668
58.233
44.323
38.055
30.017
25.334
26.418
43.214
30.878
34.087
28.889
22.597
27.462
27.185
48.400
46.529
35.562
30.878
41.316
48.625
50.143
45.884
42.818
40.556
39.937
34.061
48.527
38.008
42.525
28.110
35.026
31.665
37.859
39.909
37.840
22.398
24.418
50.752
40.060
33.914
35.718
57.015
34.681
29.349
26.056
23.135
37.448
33.085
45.360
29.555
29.390
30.908
40.567
38.712
30.815
29.334
32.724
35.893
48.719
39.281
43.873
40.463
37.993
32.976
43.890
36.243
38.731
42.488
51.842
45.493
46.182
51.373
44.556
45.489
46.837
28.709
26.967
44.173
42.034
46.098
36.986
44.734
48.213
37.447
31.665
43.325
21.339
41.990
49.294
52.727
45.065
32.582
28.461
31.303
34.472
35.644
34.853
32.459
50.748
26.940
37.799
26.533
37.386
38.924
37.438
37.610
38.703
43.806
36.730
52.984
53.158
37.178
42.597
39.933
59.712
64.924
45.961
35.247
39.118
42.598
44.195
30.820
40.155
56.718
55.387
54.242
41.219
35.443
28.376
50.578
37.987
39.577
43.459
46.982
35.127
25.541
31.063
44.767
58.431
69.990
66.008
46.545
29.821
30.145
19.802
20.528
56.072
63.916
67.547
65.865
31.324
34.183
46.626
47.762
40.388
41.683
53.872
38.217
58.794
51.893
29.736
26.102
27.461
27.043
29.995
34.190
39.402
40.349
23.547
40.206
59.702
48.393
38.673
42.850
50.711
52.165
54.936
48.789
40.673
32.311
37.707
37.947
35.606
42.600
44.656
55.304
47.196
44.512
37.253
42.698
36.157
41.726
44.708
40.975
32.767
55.362
59.060
