36.743
54.478
42.749
53.351
34.924
57.125
36.458
45.826
56.555
49.229
40.836
49.327
48.807
50.292
47.876
50.087
43.627
24.719
46.562
46.579
73.116
58.700
32.712
34.822
54.464
68.097
57.751
69.598
57.286
48.137
54.841
56.092
33.849
38.327
43.611
37.228
54.536
51.286
41.599
36.526
39.608
54.772
44.757
59.253
43.799
42.082
30.412
40.390
58.479
59.844
67.896
53.296
63.674
48.744
44.068
66.398
64.436
51.036
53.257
51.031
55.473
60.171
52.647
57.429
47.235
62.084
55.929
83.115
66.822
58.018
54.660
60.558
51.693
60.089
59.614
54.031
29.458
54.749
48.055
38.888
29.807
41.875
28.989
50.603
66.176
74.486
45.470
54.837
57.434
56.573
66.838
59.304
58.140
71.249
72.742
61.383
40.774
29.451
37.692
64.198
56.478
39.217
49.121
58.319
31.558
64.323
48.862
49.044
37.453
29.455
28.293
41.199
35.895
45.347
38.698
41.224
42.683
48.264
53.203
44.025
46.405
51.420
50.126
36.796
30.183
22.048
25.331
44.395
34.254
34.092
43.447
37.096
32.257
27.521
37.731
33.104
30.720
33.718
30.213
23.248
18.257
27.245
31.887
22.248
45.212
57.448
55.863
43.635
42.179
25.778
45.995
46.673
45.344
36.429
41.091
39.860
43.526
44.667
44.302
30.102
29.392
39.273
48.028
41.241
33.371
39.151
26.494
27.029
16.654
21.745
39.639
50.958
27.453
31.292
33.551
33.792
33.042
31.633
39.714
29.475
37.557
44.746
32.725
23.709
28.764
34.950
42.016
39.632
34.600
36.225
35.709
24.405
36.508
33.862
29.925
38.125
33.839
34.286
49.037
49.828
52.262
33.224
26.513
38.005
30.995
55.048
49.416
37.984
27.722
24.884
30.291
54.820
35.349
33.520
38.712
45.544
44.292
35.385
50.694
47.374
50.029
41.998
38.917
36.635
52.963
42.953
36.788
26.434
37.797
31.019
30.688
35.177
35.731
45.726
53.773
58.782
56.827
35.770
37.901
44.701
51.173
53.490
47.360
38.228
40.438
38.513
36.335
47.550
36.732
66.602
68.026
67.777
52.898
42.713
53.044
42.765
39.157
38.087
53.321
62.248
58.024
38.771
51.278
43.848
47.683
66.624
56.093
34.628
39.719
45.792
36.031
50.867
68.351
63.991
52.868
45.212
66.075
47.704
36.708
41.638
48.647
51.604
69.911
69.372
39.399
52.242
39.178
42.838
30.957
37.020
43.755
49.321
50.424
51.235
54.145
65.719
65.643
57.966
43.376
49.932
54.100
48.473
34.725
52.811
52.461
58.700
47.565
37.791
40.752
39.668
25.138
31.365
29.968
27.579
29.415
27.093
29.454
30.633
33.154
55.014
42.877
44.520
43.465
30.934
46.462
34.549
32.388
28.193
17.527
24.532
26.521
31.034
34.346
43.235
40.019
43.227
43.915
31.150
43.656
49.349
44.103
49.114
32.076
47.776
50.162
31.816
48.527
59.855
58.615
62.299
63.764
59.835
46.591
41.256
38.979
34.653
48.436
43.237
49.162
33.628
37.294
36.800
34.089
46.693
57.253
