42.685
58.528
34.464
38.546
32.937
55.528
42.490
38.311
30.837
50.750
36.276
39.747
50.182
54.755
44.664
52.130
43.484
37.919
36.527
36.258
30.940
30.924
41.153
58.502
30.815
77.245
48.984
45.609
41.034
54.760
56.440
32.444
38.636
48.453
43.017
62.383
35.163
39.568
62.198
48.492
38.720
49.427
28.567
33.512
37.337
40.924
40.819
35.869
54.119
65.238
44.124
39.003
40.721
48.663
48.292
34.048
35.644
42.747
51.014
50.992
40.518
56.663
41.697
42.762
25.300
32.428
37.592
53.998
57.964
62.802
54.424
77.213
53.323
45.663
44.526
52.073
59.128
49.687
30.254
56.478
77.898
69.335
39.523
38.293
55.393
41.726
36.918
34.499
51.519
33.023
31.762
74.529
64.159
63.170
59.348
49.408
44.547
50.649
65.874
59.172
40.910
35.085
40.023
36.951
28.534
48.964
40.183
36.903
62.776
55.585
46.580
32.178
41.231
35.132
35.005
39.446
40.494
37.760
43.578
37.745
36.483
32.779
29.904
46.892
61.976
36.359
39.561
48.014
35.845
26.476
27.769
40.666
45.661
49.289
33.299
37.952
37.420
49.033
45.305
39.081
50.241
50.940
52.334
45.806
30.755
25.131
36.408
30.040
35.728
41.463
34.284
29.998
36.470
32.708
38.170
24.319
40.573
51.873
40.736
32.161
51.683
51.141
53.795
42.839
32.105
45.106
44.154
21.793
45.504
61.051
59.941
47.337
41.647
31.938
36.527
25.293
32.231
38.096
27.667
35.464
42.544
29.487
26.965
29.402
32.287
37.706
29.836
29.051
29.469
38.741
40.741
37.105
44.208
42.147
49.112
49.441
34.438
24.237
32.748
50.204
39.365
29.998
22.383
20.720
25.322
36.372
45.937
38.427
34.462
31.098
36.290
36.405
52.338
46.140
45.782
42.170
30.709
33.165
36.973
36.963
33.718
45.009
46.462
43.777
44.534
40.498
31.463
36.176
27.551
33.761
31.449
37.804
41.461
40.747
39.049
37.101
45.325
61.426
49.429
31.951
36.193
36.947
41.132
37.807
40.537
33.850
35.974
43.586
41.788
26.466
26.231
38.215
45.789
43.403
38.052
49.353
63.931
49.105
39.006
41.405
56.029
58.639
46.037
48.630
47.669
39.767
49.369
49.541
27.339
38.339
39.334
30.549
29.983
34.115
33.958
30.084
27.305
52.087
39.041
70.686
63.758
52.789
49.430
47.610
29.570
32.194
38.565
46.988
37.009
41.168
36.232
38.025
39.183
39.407
30.346
49.417
33.043
35.679
59.198
56.585
52.798
36.110
29.837
27.141
26.628
44.129
41.707
37.462
54.927
47.836
54.633
68.833
63.649
35.774
36.903
42.245
44.372
36.125
35.847
33.053
55.968
54.564
54.754
50.343
47.936
46.144
41.725
28.630
40.323
40.158
40.474
36.485
36.531
44.998
40.424
40.944
42.444
68.360
87.264
62.306
74.406
65.011
43.898
36.154
37.828
49.979
50.066
52.622
57.557
49.946
42.219
44.144
41.306
34.158
39.334
52.543
61.436
52.068
53.234
46.506
39.468
20.767
27.921
28.101
45.099
