36.331
36.122
47.448
24.592
36.504
40.899
52.934
51.695
32.573
35.980
54.220
64.886
48.103
40.359
40.453
38.414
49.220
65.161
72.736
49.184
29.695
27.257
27.437
27.416
35.175
47.261
48.297
27.121
30.614
23.863
41.257
42.029
32.939
51.307
33.974
33.971
40.379
31.805
48.692
50.681
44.669
47.386
43.683
42.754
47.099
51.774
41.453
38.477
41.056
48.359
36.626
65.288
51.975
58.376
47.007
41.246
34.391
40.738
46.398
32.899
45.399
57.842
43.776
46.012
50.597
32.144
33.676
49.687
50.167
52.719
64.298
52.855
46.688
28.182
41.379
55.122
47.931
31.190
40.542
27.392
38.012
33.250
38.901
38.184
25.882
33.498
25.230
22.680
18.571
21.207
31.328
34.465
36.160
32.594
43.658
22.249
29.610
37.090
34.327
33.591
43.832
41.348
59.693
44.595
41.655
44.780
44.724
32.348
30.350
28.944
26.583
42.885
36.703
19.734
30.225
38.241
40.543
40.468
41.894
48.039
43.041
42.306
39.750
40.808
39.502
25.211
28.805
35.481
26.347
40.274
50.884
46.586
57.279
60.221
47.570
43.302
53.261
50.814
42.524
39.693
39.081
37.459
43.605
27.833
32.360
34.091
27.200
45.993
60.688
55.833
39.903
44.749
29.402
45.901
44.614
40.669
36.687
36.195
35.893
30.409
36.122
46.913
39.586
28.205
29.591
38.819
48.556
55.046
45.899
36.092
28.127
27.197
41.893
43.846
40.605
37.847
40.241
36.374
48.758
43.026
43.685
29.472
38.076
25.929
19.469
32.342
30.012
33.983
45.069
55.191
40.226
35.076
29.974
32.881
31.579
38.176
36.484
40.903
41.309
39.185
48.641
56.037
36.853
28.522
41.119
40.470
36.882
40.261
41.843
41.669
30.510
36.209
45.045
46.283
41.192
27.906
26.013
34.187
28.030
30.866
50.780
40.815
40.655
26.557
29.063
58.806
58.263
29.963
48.668
38.304
43.047
37.790
42.444
37.388
31.067
37.092
33.765
43.000
38.130
33.527
43.396
37.489
40.383
37.186
30.953
39.691
45.750
38.349
42.704
27.622
32.496
26.803
57.978
60.080
56.842
45.628
56.142
60.665
42.985
44.469
64.505
61.038
40.887
20.244
52.923
27.509
34.229
48.619
63.333
57.226
37.388
44.206
37.799
28.942
32.122
39.519
35.114
36.536
30.392
35.209
34.597
45.049
54.639
35.481
27.066
34.259
28.322
36.132
32.530
32.715
37.832
50.924
44.180
45.651
57.937
40.737
41.569
35.796
37.526
39.006
45.020
53.618
46.301
39.683
38.298
49.646
56.769
48.306
62.614
71.776
50.984
52.004
45.253
26.946
35.443
26.342
22.518
23.719
32.657
34.270
59.683
61.069
52.063
42.490
47.765
58.176
49.129
31.967
58.413
61.254
62.002
58.026
58.504
41.591
43.878
62.132
47.608
43.760
58.903
60.534
46.709
41.049
33.872
53.358
61.931
51.726
54.185
29.848
39.208
58.193
56.716
44.932
53.043
61.077
69.744
77.864
51.279
31.161
20.278
31.644
51.904
38.623
58.608
53.424
61.268
