48.930
59.106
56.663
31.028
38.026
44.382
22.931
26.683
29.044
42.618
40.080
57.045
62.574
51.046
28.198
29.205
50.565
41.903
45.180
55.350
55.049
68.240
65.150
69.764
48.878
49.145
53.977
61.272
59.188
47.366
42.310
37.169
47.952
31.660
43.252
38.729
36.338
28.267
26.444
35.052
40.564
26.696
46.705
73.795
73.572
74.340
38.197
37.686
53.168
37.877
45.807
37.998
33.021
30.924
39.008
37.751
51.456
39.256
44.735
43.760
46.060
58.412
44.334
46.802
48.646
40.644
54.585
68.403
44.087
58.909
36.411
75.295
63.020
52.802
68.332
65.671
57.855
55.067
60.503
43.786
42.709
61.127
59.177
42.332
38.457
34.277
39.447
58.539
39.970
42.028
46.133
30.381
60.861
40.008
37.538
48.555
30.120
38.343
41.790
49.843
55.254
41.092
29.271
52.473
46.252
35.714
37.298
28.735
24.167
24.127
31.977
29.046
38.748
34.936
37.744
38.331
42.821
56.567
52.226
40.590
50.001
42.695
34.516
33.070
41.249
52.977
58.307
52.341
27.976
28.091
30.476
37.765
35.311
29.011
26.164
26.756
26.278
25.203
20.406
24.173
33.139
42.193
26.522
37.435
37.376
30.588
31.328
26.525
36.600
39.114
56.755
44.927
40.662
35.695
43.095
59.638
46.448
51.827
30.169
45.980
49.668
50.270
58.075
48.406
49.188
49.741
40.951
37.307
51.303
58.443
41.824
48.170
67.203
51.745
42.699
38.727
37.490
60.217
56.347
40.445
29.268
42.455
38.606
25.285
39.453
44.848
43.384
42.208
35.665
34.084
52.274
58.190
58.084
26.475
32.946
37.859
26.764
32.244
28.763
26.209
28.337
36.085
34.697
38.840
33.864
26.274
37.963
53.131
38.397
28.412
35.400
26.903
40.680
47.377
39.839
43.849
33.884
33.290
57.645
45.779
37.210
39.204
28.434
36.979
31.704
36.296
26.801
30.375
39.624
49.116
48.473
41.241
39.355
31.197
30.007
34.264
51.114
50.564
50.695
53.186
41.798
38.381
47.911
33.289
38.022
41.619
35.243
60.844
54.547
60.929
33.444
42.896
50.570
54.504
42.460
32.327
29.993
31.471
29.036
34.173
51.298
36.090
23.084
46.157
54.354
60.681
44.255
40.144
28.671
54.766
59.488
52.840
37.942
46.061
38.451
32.509
47.625
49.153
56.169
47.605
30.957
29.731
41.914
37.600
65.569
79.983
52.668
50.529
59.904
59.615
47.030
35.708
46.787
49.967
39.800
32.930
28.842
38.112
29.661
35.929
21.306
45.335
52.388
59.067
38.218
30.455
33.903
46.825
47.176
50.845
38.133
37.482
30.753
44.402
47.727
35.509
49.405
65.941
59.306
54.728
47.188
54.474
39.644
56.275
44.128
65.888
58.583
47.281
36.057
46.830
52.593
56.083
51.755
57.606
47.276
53.677
44.534
48.418
38.119
35.934
41.343
47.386
40.646
70.585
74.045
63.753
47.120
48.014
35.014
48.062
48.853
50.594
22.216
44.289
49.123
64.604
68.521
46.845
43.643
40.439
55.931
47.275
53.197
64.651
62.328
