54.973
32.724
49.828
60.151
78.084
51.905
48.137
49.307
32.381
62.045
53.261
43.804
52.628
43.860
35.444
34.108
28.399
48.516
57.127
60.752
59.205
59.040
46.746
51.158
36.725
48.954
46.798
44.966
51.153
59.842
36.846
42.028
37.649
35.156
39.106
57.248
50.690
58.921
52.426
43.498
51.039
38.474
44.882
48.966
79.491
47.508
44.005
50.815
34.810
35.387
34.559
40.657
55.074
63.055
56.973
51.092
42.546
56.727
73.754
61.057
46.749
47.879
37.105
37.931
31.218
44.833
40.402
54.211
52.624
52.526
76.851
69.533
40.176
45.462
57.842
59.601
45.328
33.410
42.096
44.769
51.578
53.013
37.078
45.458
40.392
44.940
49.700
41.545
65.332
61.592
57.657
56.300
36.761
31.300
43.475
41.976
67.256
51.210
32.330
47.007
42.933
27.442
29.740
16.151
13.061
22.218
50.787
30.264
24.659
20.234
28.342
32.002
28.087
21.663
26.229
46.536
61.448
59.033
50.047
33.730
42.692
40.272
55.807
40.915
26.257
27.425
26.134
29.060
36.426
38.265
56.333
65.393
43.004
40.991
44.137
49.606
40.858
32.968
26.614
23.304
27.800
23.493
29.872
34.741
36.529
28.928
35.856
41.428
46.981
44.369
28.687
49.681
60.812
50.085
33.882
37.651
37.069
44.878
39.470
31.661
23.337
33.433
16.195
17.450
20.926
24.611
55.378
61.193
42.056
39.947
35.615
33.326
33.966
44.426
37.469
55.432
53.432
43.248
42.273
32.069
40.226
53.069
23.011
28.455
25.675
29.957
33.130
27.257
33.378
29.635
26.433
31.207
36.510
38.935
55.823
37.218
34.468
48.231
42.043
42.220
48.137
33.783
40.129
48.748
62.954
57.580
32.812
39.135
42.138
42.113
41.400
46.172
40.221
31.870
35.723
45.007
38.066
38.456
21.791
37.317
28.958
23.088
31.791
31.077
37.567
44.648
38.569
31.506
35.725
42.429
48.074
48.544
42.535
37.541
48.650
41.665
41.597
38.553
41.744
44.939
42.935
41.580
35.170
50.785
42.401
36.468
44.150
53.054
34.710
57.115
52.602
53.935
34.102
38.857
35.537
39.910
61.203
43.805
57.391
47.071
50.580
42.786
41.402
50.125
50.873
42.950
49.432
33.022
43.952
26.988
25.041
29.086
31.871
42.519
36.905
37.900
48.623
47.252
64.122
45.798
51.078
43.612
41.770
37.618
35.094
51.396
44.058
37.017
34.553
43.559
52.896
63.098
62.604
54.689
43.619
51.067
39.813
46.853
68.485
37.454
45.040
34.693
32.365
33.405
39.354
42.878
55.745
64.340
59.613
38.008
47.493
34.562
35.229
41.461
35.661
28.486
37.898
51.956
61.121
35.341
51.500
46.502
28.857
37.923
38.147
63.021
35.517
54.723
46.207
50.125
48.576
30.410
35.930
35.730
30.620
38.628
44.369
37.683
32.254
34.380
44.328
45.831
47.964
54.665
48.839
41.377
35.671
35.812
38.662
36.866
35.070
33.039
60.518
41.827
32.572
49.822
57.968
60.677
56.569
43.732
34.818
44.305
48.440
50.974
38.812
39.770
