59.707
55.497
38.610
31.798
33.725
32.828
31.641
33.933
53.094
47.018
22.545
24.890
27.851
34.850
42.613
28.465
40.298
35.790
49.933
52.944
41.693
62.259
51.295
29.905
39.593
29.856
57.582
60.814
44.166
65.301
70.177
41.806
39.354
40.690
28.372
23.768
24.731
50.624
61.610
42.255
28.215
30.619
45.642
46.544
58.158
78.647
45.630
50.918
38.965
37.582
56.375
52.565
37.977
42.030
38.518
52.711
45.209
34.596
56.388
64.310
43.669
51.882
46.742
41.950
30.580
59.628
55.884
58.411
66.314
50.900
49.966
52.441
55.466
40.486
36.593
29.315
26.158
30.473
37.210
40.056
38.423
46.200
44.254
38.500
45.571
40.000
31.344
33.995
46.368
40.496
36.323
36.333
46.568
48.745
49.563
45.699
42.165
36.317
33.769
31.542
27.021
37.099
33.547
33.526
34.969
27.662
35.418
35.901
38.828
42.180
43.616
39.443
42.917
34.393
32.283
32.079
27.198
34.462
32.050
25.975
22.501
20.784
15.835
17.896
31.021
34.434
34.749
26.224
34.670
44.604
62.051
46.739
40.113
25.982
25.481
26.403
33.470
35.498
36.606
40.916
47.984
30.321
33.495
40.982
41.490
38.560
37.401
56.048
54.181
55.074
45.868
62.406
34.811
17.936
31.983
44.143
51.406
43.811
47.220
46.455
38.564
41.757
41.762
42.746
38.373
33.895
34.553
31.952
35.615
36.103
47.413
47.797
42.308
37.482
39.024
38.511
44.822
37.409
36.062
36.724
47.918
46.993
44.387
28.353
44.141
42.125
32.356
34.697
33.290
29.237
38.750
29.553
33.258
34.974
60.074
58.694
46.786
37.418
45.888
30.215
25.996
36.667
28.515
32.872
40.339
36.838
23.983
28.637
30.330
28.427
23.340
33.744
45.647
37.727
27.492
21.735
37.501
37.808
40.525
34.562
28.031
35.474
45.515
30.517
42.795
32.342
27.706
33.176
29.573
34.808
45.527
53.550
49.165
28.510
30.563
42.394
40.613
48.911
26.830
24.782
25.808
29.654
30.472
38.895
44.870
49.173
45.612
42.352
33.302
46.170
34.346
58.832
44.162
47.538
48.280
55.313
37.081
45.404
56.161
50.268
44.858
45.578
30.590
42.465
45.592
33.197
34.577
28.926
24.715
38.994
43.987
49.125
65.655
63.294
25.202
48.962
46.890
43.040
47.403
53.244
59.653
45.643
38.576
45.754
46.751
50.988
42.163
31.501
44.187
45.198
40.140
32.778
35.424
41.948
50.961
47.311
45.359
42.441
47.084
33.628
54.175
38.540
29.743
52.420
45.727
57.629
45.851
46.316
47.365
45.862
65.067
59.235
63.170
57.962
38.950
26.102
35.216
61.145
47.828
67.918
57.866
43.941
26.892
29.642
29.916
54.213
43.149
47.916
48.691
42.707
66.130
44.629
37.393
60.112
70.628
52.714
68.248
52.206
50.681
46.308
23.534
43.048
53.165
40.314
38.632
38.240
29.851
41.304
63.733
64.084
56.509
55.551
40.743
47.302
53.846
41.475
46.219
43.738
31.167
34.942
37.999
49.799
47.240
33.296
52.190
51.473
