32.956
54.657
48.770
42.165
42.634
34.684
40.840
37.176
28.355
38.324
59.884
46.024
38.597
34.629
50.997
39.355
45.899
39.463
39.559
40.034
43.524
39.768
35.352
29.347
33.106
33.407
37.221
44.623
59.908
59.815
63.158
59.933
49.998
65.290
57.689
43.169
33.416
47.047
36.567
39.099
41.109
48.018
44.821
51.398
33.865
33.493
29.995
42.319
37.221
43.105
42.103
41.344
54.814
52.711
46.228
46.208
51.793
44.408
53.481
51.382
54.835
51.192
44.364
38.629
47.260
47.849
46.576
38.437
38.486
30.817
28.860
20.240
26.977
26.027
36.535
46.506
22.140
42.917
32.126
44.502
27.113
26.459
30.520
34.072
28.435
29.243
33.903
27.179
36.278
28.281
38.803
30.408
27.382
22.059
21.528
30.830
33.493
24.435
28.406
43.194
42.371
23.227
35.917
54.082
41.240
43.136
50.274
57.409
30.530
36.712
42.782
60.701
66.913
61.019
55.477
47.595
40.302
37.682
36.652
34.038
38.765
43.697
36.316
31.190
45.981
47.556
44.073
44.054
47.459
28.338
26.476
32.212
41.897
40.267
42.431
40.383
42.743
33.381
32.908
35.893
35.634
46.909
40.451
34.643
37.363
34.368
20.505
39.200
40.393
37.582
28.527
32.681
34.563
31.865
31.999
44.266
45.913
26.195
31.766
25.071
31.922
36.659
47.028
49.312
45.494
51.115
43.186
39.262
37.245
38.397
44.525
40.924
38.533
32.964
40.137
29.637
36.531
42.797
41.363
42.027
25.821
37.127
29.455
32.067
30.506
29.738
39.600
48.969
38.849
30.786
41.619
39.545
28.173
29.746
51.061
50.985
32.101
36.652
43.106
45.392
44.210
33.091
26.722
31.837
31.317
42.120
46.760
41.923
42.104
33.891
48.744
43.664
38.992
47.416
37.967
33.221
33.812
29.023
25.878
30.580
50.205
52.451
47.524
36.650
43.274
35.395
37.346
34.863
31.424
38.089
45.648
45.352
29.503
30.900
48.899
35.313
29.501
53.885
47.376
35.928
29.232
31.000
35.682
59.443
45.826
55.982
51.721
44.761
47.968
51.174
45.795
38.420
33.359
44.627
43.460
42.563
36.607
38.024
48.387
51.838
54.573
42.053
36.399
59.360
71.164
57.032
35.569
31.749
29.725
29.139
30.768
26.124
40.724
55.669
49.931
38.393
38.046
29.943
45.548
45.010
37.121
33.419
63.534
61.252
62.479
58.279
50.314
57.688
46.330
57.104
44.434
36.826
38.157
35.385
44.259
27.898
36.224
49.491
30.802
41.778
58.299
21.767
29.825
40.058
46.642
52.863
45.107
34.415
72.584
70.532
60.502
51.215
27.710
61.215
51.307
40.114
35.558
36.176
72.925
62.318
52.705
46.025
23.169
39.211
49.092
43.354
59.069
54.493
47.159
62.716
64.613
61.255
45.923
74.866
60.768
54.844
60.969
50.421
63.627
70.996
52.235
50.268
54.465
62.308
77.206
47.428
37.145
35.478
47.142
70.108
35.161
31.277
38.815
35.943
50.448
44.661
39.479
60.252
33.591
33.877
58.484
38.780
28.729
33.970
32.504
