33.705
26.621
37.748
38.423
34.227
44.902
30.514
36.992
50.630
45.988
57.038
42.879
33.456
32.554
66.363
66.056
57.761
35.534
40.912
46.581
40.190
46.625
47.327
53.248
51.416
44.098
42.827
28.173
34.509
37.427
61.795
33.024
55.401
48.742
45.119
73.395
73.283
52.295
53.545
51.637
36.186
35.530
63.954
73.656
74.503
70.600
53.373
53.114
45.301
54.370
81.283
58.327
60.278
66.789
52.377
38.824
57.217
81.657
74.079
66.861
43.962
49.731
48.126
59.022
64.083
69.894
56.013
52.413
79.333
60.159
44.013
36.400
40.277
53.906
59.202
54.086
68.329
44.963
44.001
56.437
36.369
58.894
52.220
33.509
44.235
59.974
42.762
55.513
70.340
78.110
67.193
43.833
26.302
42.665
25.994
31.604
29.858
39.003
31.042
38.347
39.931
49.364
34.198
41.270
44.560
40.466
24.790
50.201
36.734
50.580
63.370
48.291
35.224
31.595
45.346
35.304
40.910
46.763
58.369
57.837
63.912
59.642
47.898
49.870
54.978
55.485
52.305
45.515
45.243
47.155
34.725
32.589
41.867
24.252
50.031
49.291
46.113
38.547
26.092
21.028
26.489
30.067
40.394
47.831
34.022
35.413
28.857
42.888
42.529
28.291
36.847
35.067
37.634
43.944
35.538
22.963
37.811
33.504
46.963
33.099
17.466
22.269
34.304
23.196
22.913
47.244
39.255
42.543
30.518
48.464
29.751
33.374
52.948
41.306
40.841
58.589
50.803
35.962
32.098
35.172
43.429
32.571
28.092
22.163
50.829
41.075
45.699
44.317
58.483
38.853
41.474
43.544
41.900
39.350
32.051
32.859
38.876
41.632
31.506
26.260
31.268
36.709
30.973
26.330
18.588
28.541
38.106
34.606
45.183
30.259
37.776
30.719
45.024
51.443
47.764
44.418
42.684
31.075
30.430
29.640
32.762
38.679
32.762
33.887
29.113
28.205
37.843
47.569
41.495
36.790
38.012
46.432
43.217
53.365
55.685
43.606
39.922
36.202
33.324
28.362
29.157
41.677
50.212
41.236
35.704
40.477
43.521
30.997
37.282
36.441
32.429
44.694
43.084
61.213
40.382
50.259
31.162
39.894
48.342
35.535
43.500
35.823
53.845
65.643
49.511
44.487
33.271
38.228
32.679
51.038
54.074
44.316
33.114
42.587
43.794
45.188
42.549
67.797
45.165
46.354
44.874
51.640
60.410
59.452
52.250
55.545
45.583
48.038
38.758
38.457
37.116
51.751
56.723
44.335
58.855
50.712
35.829
37.898
44.186
39.564
48.336
72.701
69.824
50.923
25.372
17.550
38.149
47.312
51.318
42.900
49.264
56.217
40.044
30.883
52.308
51.957
54.675
43.382
57.162
71.236
67.123
65.071
61.948
56.718
39.643
35.678
32.367
28.309
23.015
46.267
41.684
51.476
52.197
50.363
36.435
69.894
39.952
57.728
50.583
51.308
51.295
48.051
43.489
40.028
57.544
63.817
58.269
65.399
50.346
52.811
65.194
64.168
33.877
35.782
52.422
60.970
62.162
59.500
36.324
52.889
52.923
67.351
82.612
71.339
55.415
