35.523
52.520
54.958
40.519
39.653
57.714
66.211
58.981
63.648
28.864
49.226
53.925
38.381
46.013
78.941
65.326
43.328
56.777
78.493
55.311
33.510
50.642
50.071
66.058
50.580
44.469
55.736
53.552
66.078
67.731
70.671
49.675
50.559
49.908
54.066
51.266
74.032
70.837
47.294
43.059
36.743
38.884
41.745
44.914
47.061
47.349
48.692
34.810
55.707
76.601
57.322
30.160
39.357
39.987
26.029
36.082
43.008
49.673
53.608
44.159
45.161
35.329
42.420
37.432
45.504
46.560
40.708
45.882
71.349
48.928
43.694
32.832
50.625
48.583
37.754
21.177
41.654
39.604
37.828
54.194
45.316
44.426
67.936
57.083
49.294
48.536
39.849
43.293
48.559
47.881
55.974
55.774
55.388
40.397
55.240
44.214
46.218
41.826
34.056
27.840
34.885
31.089
39.406
47.447
40.685
42.197
45.230
34.041
40.345
41.223
38.642
31.874
41.778
39.059
45.885
29.218
27.187
45.307
36.082
38.748
40.934
52.503
53.151
50.460
41.582
47.731
46.585
33.362
41.534
29.463
25.755
33.308
24.781
35.129
55.855
48.868
36.875
40.003
33.747
40.685
32.520
35.050
41.702
58.385
33.478
30.343
27.543
28.325
40.706
25.771
28.024
40.134
33.671
36.072
28.938
27.931
41.114
26.134
27.681
23.645
21.546
29.726
30.969
37.844
54.318
43.757
29.988
42.874
41.312
41.532
28.196
30.303
38.987
33.344
30.765
47.994
52.356
33.954
36.690
36.104
33.137
31.297
41.149
53.396
40.200
46.468
48.209
42.312
35.695
28.811
24.476
44.670
52.931
50.931
50.601
49.640
44.146
43.401
29.163
33.530
26.201
26.156
34.731
33.165
36.628
33.913
39.296
40.574
35.404
35.872
43.132
45.136
55.378
38.906
39.827
41.371
37.172
43.234
36.778
24.045
22.118
23.281
40.603
39.011
46.041
36.935
59.333
61.475
28.282
38.959
34.339
35.739
43.325
36.993
53.170
53.177
48.618
32.770
34.339
44.125
47.442
36.587
43.452
22.130
36.893
38.002
32.018
47.424
60.145
69.379
48.751
30.763
25.397
35.900
24.880
22.854
39.957
51.391
62.922
47.732
60.329
50.117
60.779
73.132
52.302
29.994
39.091
49.829
59.486
44.168
62.637
77.980
51.655
58.178
53.075
54.531
42.797
47.390
39.405
69.341
59.189
46.393
46.691
41.861
55.270
50.907
39.829
43.739
51.481
53.604
51.509
29.083
41.669
80.161
73.356
65.694
55.409
71.405
66.139
57.739
38.226
51.400
57.230
42.276
52.850
38.772
34.320
25.875
24.636
48.972
38.629
39.738
34.323
31.772
50.770
38.301
42.069
47.170
50.622
50.450
63.839
55.467
36.139
43.920
54.503
56.303
41.108
70.277
59.902
56.132
43.920
27.213
56.201
47.071
58.599
65.432
58.986
66.567
47.058
59.163
49.922
42.805
39.217
37.372
36.642
35.696
43.279
44.730
52.836
48.852
34.246
44.040
39.472
60.247
71.362
36.219
28.170
38.577
70.415
43.083
30.824
49.695
51.189
28.810
51.930
