23.840
29.744
48.104
68.806
59.867
54.133
49.663
49.028
30.979
30.190
23.708
52.382
52.348
42.075
46.231
70.058
54.882
34.926
56.810
60.899
43.106
31.805
36.188
42.905
53.265
33.031
59.372
66.180
50.916
57.250
57.565
35.300
43.128
69.196
64.011
61.779
50.479
46.424
58.479
35.942
48.395
46.663
39.038
44.872
39.177
56.198
62.836
66.799
47.553
39.927
48.445
59.748
71.137
54.469
40.928
40.266
65.551
47.384
39.312
52.817
48.242
39.507
13.574
15.000
18.511
22.256
41.976
47.185
39.536
36.607
41.768
45.638
30.204
35.071
48.101
41.473
35.870
51.454
39.192
31.507
50.212
53.958
49.168
46.414
26.004
18.389
33.880
51.847
46.167
32.935
44.511
47.819
63.674
52.053
42.233
34.798
41.859
48.424
57.651
36.095
28.594
36.827
51.583
39.320
18.212
22.682
20.828
46.189
38.489
29.937
32.795
32.763
38.421
37.551
48.308
33.740
38.634
56.000
49.229
49.916
42.168
34.925
42.646
32.788
30.908
23.903
30.018
19.616
27.896
45.322
60.118
51.018
50.609
40.536
28.979
46.954
52.364
53.186
38.839
26.363
36.278
47.884
52.826
46.067
35.167
47.103
50.796
50.727
39.242
27.207
32.245
41.997
36.113
31.769
34.073
47.029
33.662
48.760
47.606
31.076
40.475
59.002
53.502
44.699
32.273
34.782
40.264
30.694
44.052
46.977
42.149
59.796
40.855
40.086
36.059
29.195
36.250
44.578
34.687
44.136
37.264
36.100
39.467
32.070
44.026
27.301
26.451
37.627
45.450
33.783
39.794
42.103
49.127
27.604
52.756
43.187
47.700
45.431
43.136
35.851
41.465
47.560
35.789
57.763
50.567
43.543
28.551
32.532
51.597
38.633
29.069
32.493
30.632
32.602
24.583
41.808
48.697
38.099
24.770
31.116
35.402
36.755
25.975
29.321
41.453
47.209
51.757
39.042
52.663
54.492
50.494
39.077
33.664
23.741
43.710
50.106
41.779
41.657
28.691
25.751
37.318
37.599
35.044
51.364
82.256
65.068
48.733
66.565
54.828
48.284
45.948
45.127
43.357
56.112
56.852
53.132
57.270
27.870
41.931
41.475
36.768
41.976
27.404
37.001
49.449
36.189
56.906
42.498
24.979
36.416
40.338
53.487
29.474
58.027
49.772
34.886
36.117
31.351
28.439
27.704
50.080
64.213
43.212
53.445
47.859
52.071
44.417
51.984
48.954
50.199
65.076
50.274
46.712
48.330
57.293
43.859
35.050
35.857
37.877
45.138
47.579
47.123
57.015
50.505
61.394
46.180
32.138
47.698
49.422
47.350
45.662
33.863
41.906
60.456
67.658
45.479
48.448
27.461
48.841
28.335
54.606
63.017
69.480
59.138
60.639
35.870
43.156
47.080
38.179
42.448
34.806
59.826
45.121
57.609
64.865
67.089
61.018
41.485
64.610
61.349
57.061
46.429
33.937
28.797
51.005
40.678
61.447
70.631
34.912
63.637
54.821
57.725
46.441
37.492
32.386
45.515
38.868
47.091
69.426
74.700
62.874
39.977
44.161
44.538
37.189
