42.011
26.029
25.542
35.477
28.795
41.500
30.433
32.177
38.254
56.131
55.390
45.573
53.799
64.267
50.567
50.914
57.524
70.574
55.643
42.757
37.583
34.221
61.343
42.117
39.364
49.155
71.352
43.144
29.266
27.201
47.589
36.951
46.181
62.852
51.954
48.180
49.003
48.053
26.539
28.490
42.714
42.986
32.396
49.191
42.893
33.317
46.810
37.164
37.320
22.256
37.315
52.083
51.725
49.048
35.556
23.532
36.528
37.145
35.989
46.863
55.629
35.763
56.480
57.315
41.083
29.077
53.802
42.441
47.981
59.204
48.926
51.861
34.278
51.469
58.956
37.048
30.385
41.820
33.574
41.472
57.225
65.681
51.103
21.644
44.582
58.787
50.601
28.358
52.183
59.989
44.851
41.128
30.162
38.478
42.660
56.067
56.238
43.001
43.609
59.495
42.299
34.321
23.603
37.776
33.399
26.067
27.475
24.979
39.044
32.021
49.890
34.128
32.026
31.209
30.877
30.575
25.516
35.824
43.355
34.866
44.465
45.261
45.819
46.106
47.679
40.542
35.483
35.732
36.881
34.943
40.691
42.272
49.083
33.822
37.767
38.953
43.156
48.608
38.021
41.222
42.316
63.519
49.007
34.144
47.866
57.719
48.002
33.080
28.466
39.503
31.910
25.436
31.374
42.819
55.262
56.209
41.933
25.423
34.584
50.326
58.594
53.443
40.591
34.121
56.327
56.864
51.659
44.593
32.566
39.059
29.605
43.941
40.394
42.028
39.931
42.584
40.443
31.503
47.166
51.362
34.637
45.148
33.833
28.212
43.328
34.889
38.098
55.041
52.654
52.081
58.515
35.411
30.308
41.995
36.403
42.006
39.144
27.544
29.960
48.420
35.354
32.598
44.278
30.583
40.027
27.378
26.580
43.840
33.363
43.631
41.025
40.793
35.618
55.296
58.222
52.547
32.846
40.756
26.567
31.030
37.503
32.219
24.958
26.910
26.932
35.367
44.717
51.154
40.066
29.910
27.575
46.983
43.672
40.966
37.854
41.590
42.264
34.670
36.671
24.857
23.830
32.777
40.745
44.827
57.158
35.653
34.513
55.173
40.213
54.466
37.555
29.816
34.848
39.670
36.870
43.195
46.455
54.008
56.627
39.204
32.410
43.997
47.370
49.527
50.202
55.295
58.753
63.519
49.792
45.684
52.941
53.559
65.270
57.844
47.425
63.939
40.789
38.479
50.946
44.593
51.425
38.513
59.980
33.774
68.164
69.021
51.038
37.004
46.578
43.676
46.229
54.218
67.306
72.896
62.554
38.513
37.982
31.626
56.328
53.025
44.060
30.806
37.214
54.983
34.526
34.883
25.352
51.982
37.427
61.682
49.321
39.458
53.974
62.950
55.205
42.536
43.080
37.437
30.558
48.853
38.189
37.319
43.608
27.943
45.801
36.452
43.791
57.492
61.575
35.049
51.810
67.790
49.802
59.316
45.307
60.615
64.583
75.602
53.813
39.474
50.015
50.659
45.532
29.339
38.485
34.200
39.742
39.457
50.829
45.242
57.680
66.246
65.438
67.086
49.231
51.508
50.115
58.023
51.403
60.148
54.696
63.074
67.050
37.548
52.621
