45.849
40.638
37.350
45.761
42.058
48.395
49.274
38.618
43.749
42.795
52.468
47.408
44.056
29.778
39.555
31.123
31.601
45.916
42.908
26.131
31.181
25.934
62.432
30.972
32.771
30.689
32.652
30.083
33.592
44.445
57.791
55.795
43.999
29.660
25.360
20.813
22.106
15.976
51.391
47.203
22.642
52.479
55.632
41.534
26.646
37.989
39.075
29.350
33.142
35.817
53.406
45.634
45.453
52.671
46.995
39.324
52.675
57.024
39.233
36.220
19.995
39.731
42.380
37.758
43.521
49.820
46.404
45.261
46.919
31.882
55.133
41.510
30.264
38.220
58.980
50.895
46.485
57.389
54.266
38.705
58.888
40.487
42.635
52.977
38.309
41.978
33.084
34.328
53.138
47.887
42.122
36.497
40.546
36.313
37.338
31.284
34.976
33.778
40.733
40.125
43.340
31.863
34.373
40.651
32.002
52.468
64.304
48.245
45.100
44.842
41.417
33.560
37.489
55.853
49.152
33.039
22.452
33.309
43.559
41.118
29.845
45.716
28.661
44.100
55.411
53.991
44.296
41.139
46.153
42.202
34.850
25.301
52.313
46.753
35.617
46.973
45.466
36.093
38.367
44.511
47.374
32.727
35.854
30.914
58.933
52.071
45.544
46.518
63.767
61.909
45.794
39.287
42.369
35.496
37.195
32.153
26.972
32.383
28.137
18.662
33.588
52.695
44.621
39.670
52.648
48.784
36.209
37.007
59.942
34.900
37.241
48.992
32.328
33.806
43.210
46.212
41.275
24.513
25.944
26.267
31.271
27.715
25.371
22.805
23.018
32.820
32.269
29.064
36.444
28.645
38.449
41.366
56.505
61.060
48.209
35.555
38.551
31.922
34.286
41.523
39.770
36.593
46.575
40.836
49.587
40.045
42.512
41.085
34.731
43.994
47.132
37.557
42.385
30.108
28.677
24.782
37.853
40.324
43.354
35.103
21.261
42.191
42.882
49.122
36.888
41.962
41.831
43.419
42.707
42.002
38.669
50.774
44.431
38.289
35.046
45.187
34.161
27.368
42.084
45.729
44.480
46.605
47.889
47.437
35.955
60.173
45.947
33.066
36.131
40.892
63.416
40.978
34.049
60.900
55.145
52.870
49.541
41.385
47.318
47.837
51.412
52.467
23.364
39.572
55.003
52.666
37.972
56.378
76.497
49.596
74.152
55.618
54.383
55.756
49.620
51.234
53.033
52.163
51.211
54.576
47.839
42.563
44.377
62.046
55.741
45.969
54.169
48.026
47.086
57.426
38.019
35.075
47.791
46.889
44.234
49.227
38.315
44.120
35.518
46.304
43.596
35.347
40.635
40.487
44.439
31.220
52.479
36.996
30.585
40.892
23.961
22.920
56.837
43.357
52.412
37.427
46.617
50.262
69.091
74.148
53.769
42.187
56.924
54.445
46.182
37.708
43.307
53.885
49.452
42.796
36.177
39.218
35.438
18.548
39.158
30.091
28.450
42.627
36.652
48.181
35.609
36.096
35.558
39.501
39.528
43.984
50.659
36.115
39.270
43.082
41.657
35.731
29.317
38.821
48.475
48.677
45.153
41.555
24.335
32.939
47.400
43.980
42.696
34.869
31.296
