57.920
35.787
41.600
35.280
27.873
43.671
58.434
50.245
35.833
45.287
45.587
39.676
59.438
41.219
34.103
59.889
44.993
31.320
44.168
37.035
28.746
24.372
34.517
41.765
44.585
44.788
58.252
35.188
52.263
43.097
77.413
62.384
53.419
34.437
52.778
30.915
41.639
30.616
58.184
43.630
51.399
32.782
26.436
35.262
25.676
34.282
50.464
77.775
37.239
44.107
70.017
81.707
57.145
40.261
28.437
27.978
19.443
21.866
24.923
43.429
41.289
41.190
53.651
38.114
18.475
35.478
34.764
35.636
23.458
41.938
38.825
38.963
38.873
59.529
68.187
50.364
48.677
57.017
47.438
36.857
33.963
36.737
39.954
38.555
33.322
49.023
35.253
46.563
58.806
60.793
28.679
35.729
50.759
39.911
28.579
20.947
33.925
22.933
30.325
43.255
38.917
29.504
49.224
42.841
31.404
39.898
36.556
35.999
43.779
39.452
49.336
55.570
33.661
42.047
53.084
46.177
40.187
42.780
37.844
38.560
35.114
44.030
39.526
39.140
31.610
47.128
43.613
45.764
40.058
33.159
30.616
23.344
28.699
31.298
37.601
33.840
40.442
45.730
32.404
42.590
45.168
42.224
44.910
27.231
30.581
27.127
40.790
51.300
53.448
45.749
29.264
31.162
27.092
43.351
43.199
45.071
32.414
31.771
37.049
33.129
44.504
35.777
28.503
39.874
48.113
27.317
17.419
24.023
22.957
29.345
40.311
44.446
42.590
46.270
47.242
40.499
24.393
38.300
40.974
43.859
34.182
29.134
45.362
46.984
46.900
31.916
38.527
45.602
46.642
46.049
49.628
41.651
46.337
28.261
30.155
46.756
38.761
45.364
39.140
29.874
32.399
33.981
29.466
21.714
30.294
27.424
29.675
26.699
29.789
42.851
32.859
37.714
29.998
39.466
43.028
47.734
30.612
43.362
45.424
42.398
38.348
31.580
50.350
61.038
42.693
39.518
30.638
42.936
41.445
39.904
46.442
44.468
38.748
41.974
46.872
46.815
52.292
54.745
44.696
39.909
29.377
34.035
44.898
34.709
32.819
38.109
46.922
48.602
48.098
69.862
50.548
42.453
34.529
53.361
38.445
45.758
61.128
27.628
37.913
35.732
36.908
54.176
49.297
49.339
44.245
47.512
39.159
51.629
53.559
38.222
57.367
59.331
60.863
44.577
31.099
32.703
40.177
46.196
40.881
48.049
50.375
50.808
40.044
55.807
43.599
32.413
33.323
44.818
36.607
44.084
35.798
41.101
43.427
50.949
46.853
52.035
46.944
46.916
32.035
31.736
52.624
69.256
50.095
26.115
42.502
39.001
41.821
26.398
29.245
28.376
32.415
46.558
51.867
52.277
48.943
42.702
26.634
48.286
44.535
43.802
41.649
57.671
54.648
34.454
42.364
42.834
53.383
36.194
41.848
49.565
59.287
47.118
40.647
36.275
63.039
65.290
47.994
44.408
44.956
45.611
45.219
39.118
49.907
41.086
55.893
41.199
32.132
29.500
35.074
31.988
34.179
34.985
65.362
65.985
52.893
48.032
37.027
40.131
54.443
62.003
47.027
51.391
55.439
49.811
70.763
51.307
