51.039
56.625
54.258
47.485
34.478
46.860
35.738
51.319
66.670
64.443
48.495
61.822
57.229
42.437
58.978
39.348
33.275
35.112
39.074
42.752
26.590
32.949
36.009
37.429
38.859
35.401
55.223
43.214
49.346
37.416
23.995
30.224
25.129
50.364
44.660
63.495
56.037
63.449
78.088
70.714
68.193
64.881
49.040
55.131
48.417
48.590
48.656
40.164
63.440
52.923
29.079
33.328
57.619
41.778
23.749
52.518
47.004
33.441
40.953
64.779
74.758
63.240
45.491
45.775
44.780
76.958
60.337
43.518
36.432
42.243
39.557
38.459
47.138
65.482
66.992
54.658
25.622
44.589
36.930
50.171
62.119
55.998
30.600
33.512
48.069
54.200
38.296
60.093
75.574
64.271
63.423
54.601
39.251
50.100
49.097
34.815
66.007
59.140
52.908
55.735
38.179
49.590
46.017
65.107
39.327
39.429
42.914
41.465
62.576
45.088
35.853
59.622
50.676
48.381
33.559
33.206
34.653
37.200
33.673
49.913
40.597
56.981
50.708
41.267
43.915
34.335
34.286
37.539
37.021
46.515
55.292
57.079
38.604
34.186
39.921
45.683
57.351
44.276
36.938
34.313
34.561
38.068
34.233
23.479
50.535
39.589
36.504
43.657
38.694
39.582
38.083
43.729
63.163
57.711
49.148
46.372
51.725
46.790
28.938
45.755
51.695
47.083
42.214
32.211
28.285
38.262
38.385
43.537
41.963
47.424
32.060
42.523
44.523
37.828
37.205
37.020
37.695
48.162
40.421
44.213
49.898
49.495
41.307
37.479
37.803
39.047
42.908
39.903
45.862
44.848
34.220
31.858
37.119
56.067
43.317
39.997
40.569
39.873
39.097
39.733
44.921
49.462
43.030
43.349
38.221
38.398
53.653
63.456
55.123
49.985
34.444
30.079
41.065
39.449
32.939
33.875
46.591
46.364
46.893
32.633
50.677
48.645
36.730
32.259
32.245
38.446
42.477
46.859
46.333
50.726
48.413
39.856
40.505
53.681
46.444
43.609
39.508
44.913
58.349
57.242
62.155
55.055
50.316
31.441
25.542
32.541
38.696
48.793
35.353
37.898
47.183
64.860
49.441
51.737
48.031
34.572
35.376
41.656
40.550
43.213
29.352
40.610
45.290
44.801
38.730
35.813
36.774
33.085
33.138
24.124
51.385
68.143
60.746
74.279
76.123
59.072
37.339
31.507
39.009
33.268
28.877
28.459
30.825
35.607
30.719
42.561
43.093
42.690
38.785
37.990
45.547
39.131
35.026
52.876
40.454
44.502
58.454
39.387
64.370
45.265
45.771
46.586
58.761
59.493
59.362
68.070
56.142
40.886
48.415
44.106
60.657
63.429
58.938
72.989
62.049
54.346
49.913
56.834
46.962
40.949
41.009
49.516
61.085
65.437
34.462
51.804
48.018
28.347
64.617
69.318
62.439
35.169
69.548
68.265
66.915
53.081
63.845
38.825
71.738
70.880
61.078
45.137
33.128
53.270
61.103
58.126
45.352
38.047
53.211
51.349
48.640
36.727
47.551
56.743
39.629
69.448
57.232
40.760
53.325
57.577
40.689
34.582
44.631
58.667
75.151
