22938.951
23487.378
23012.837
23393.113
23121.031
23566.104
24827.897
25397.785
25693.705
25800.359
24265.840
23623.138
24439.311
23080.555
23299.964
23042.350
23597.997
24531.131
24452.041
22005.817
22439.823
23892.315
23800.730
22981.778
22099.834
22805.144
22323.137
22875.181
23226.125
23256.019
23522.549
23139.865
23397.764
24549.960
24265.893
23535.150
23644.700
22467.295
21570.198
21706.428
21112.674
21006.505
20140.165
21054.435
20621.374
19976.517
21193.253
21721.659
23914.518
24068.024
23425.745
22997.095
22311.871
21292.709
22268.018
22434.996
21632.931
21229.797
21100.197
20360.081
21633.556
24124.624
22802.904
21833.166
22891.808
23199.179
22014.270
20812.982
21407.066
21680.409
22295.203
22865.453
23306.638
22837.177
23727.085
24571.659
24160.691
22589.827
22229.097
22217.806
21885.852
20561.913
21619.205
21669.300
21377.566
22177.064
22165.156
20651.881
21297.723
21875.581
21570.318
22116.971
22785.800
22082.723
21622.610
20686.670
20765.241
20366.932
20779.239
20652.775
20415.985
20373.997
20398.776
21369.584
21481.388
21458.894
21723.992
21827.569
21906.657
20806.830
21025.564
21849.922
22309.966
21815.486
22402.031
23087.221
23527.999
22027.517
22114.877
22104.052
22361.779
22169.609
21906.933
21814.426
21623.813
22868.132
24436.054
23597.481
22885.290
21687.067
21896.985
20878.786
20286.080
21160.451
22431.537
23267.977
23464.253
22899.328
22036.252
21882.869
22208.741
22614.960
22934.132
23462.144
22803.765
21443.124
20475.855
19827.465
20940.282
22504.863
21890.972
21788.828
21135.231
21353.144
21078.454
19472.087
18976.702
18623.415
19207.550
20127.500
20774.815
19856.501
19837.099
21694.958
22106.892
21815.638
21556.463
21807.349
21932.354
20404.646
19807.777
20657.860
20635.681
19849.087
19621.767
19202.956
18866.583
19716.861
20208.544
20437.527
20745.825
21111.187
22013.079
22713.994
22185.677
22407.860
21380.211
20864.226
20704.476
19632.317
19098.075
19520.759
20312.001
20479.600
19877.453
20256.769
20331.854
19922.671
20471.797
21696.440
21430.341
22647.049
22293.854
20988.028
20334.616
20305.914
19896.829
18737.853
18394.330
18829.982
18720.544
19114.706
19855.828
19267.664
19985.516
20234.989
20345.377
19938.602
19927.276
18477.127
18612.809
18331.651
19428.605
19792.493
19936.887
20327.219
20053.576
20689.659
21475.989
21729.390
22536.832
21919.377
21160.648
21187.635
23167.280
21829.475
21508.029
20924.240
20461.936
21372.027
22219.133
21893.228
21543.919
22638.354
22702.057
21523.531
22235.873
22827.827
22288.645
22812.789
22983.876
23390.481
23558.211
22247.054
21957.348
21758.248
22839.041
23095.167
23647.608
24572.755
24611.781
25358.427
25429.839
22807.946
23503.192
23485.364
23772.306
23097.182
24130.400
24163.291
23752.472
23023.658
23356.025
23402.693
23659.530
23079.965
23780.119
23656.417
24457.036
24360.550
23622.533
22773.566
23264.495
23836.653
23320.385
23205.623
24293.210
24020.506
23978.341
23827.944
23491.436
24582.430
25516.688
24882.358
24869.888
25201.653
24180.941
23299.255
25248.983
26289.858
23888.248
24159.694
22963.217
22961.413
23274.624
25295.445
25304.674
25164.000
24869.000
26169.818
25215.677
24470.685
25079.518
24679.110
22669.971
23743.775
23899.992
22177.172
21694.118
21768.934
22557.228
23330.248
23379.684
22784.790
21933.415
23137.619
24741.558
24671.121
22818.360
25274.901
25906.623
27610.465
27162.237
27636.714
27459.404
25037.786
23327.869
23434.109
23870.539
23524.497
22185.140
23173.178
22881.063
21952.774
22496.286
22911.570
22211.548
21924.237
23316.122
23886.594
23256.946
21961.567
20685.366
21010.024
21157.083
20974.910
21243.685
22049.975
22845.804
22862.756
23619.642
24670.546
25103.322
25485.449
25134.520
