24956.243
25951.110
26629.432
26822.108
25226.758
22524.966
22593.300
23288.531
22888.520
22215.459
22065.894
22205.934
22872.005
22506.853
22180.613
23116.957
23490.444
22548.616
23682.473
23300.187
22972.520
23431.675
23130.068
24066.036
23992.712
23256.380
22338.629
21888.547
23064.307
22226.588
21689.701
22173.734
23409.141
22843.523
21883.225
21866.702
23460.982
23793.974
23066.882
23384.863
23067.857
22928.162
21869.120
21792.660
23344.336
22388.274
22899.870
23788.214
23297.541
22248.150
22943.924
23209.913
23126.050
23044.912
22351.968
22669.982
22367.123
22056.669
22729.307
24084.582
23979.295
22158.478
21353.584
22579.461
22476.388
21238.363
22092.580
22388.589
22842.237
21833.320
20869.381
20239.277
20400.650
20318.727
20207.187
21309.666
21639.962
21955.981
22675.607
23387.776
22827.026
21723.829
22325.691
22482.401
23326.173
23070.391
22504.853
21666.161
21121.333
20267.394
20472.136
20958.724
21809.806
21747.509
21928.164
22318.756
21451.430
21392.239
21861.309
22243.767
22319.207
21626.622
21923.529
22305.396
24121.348
23640.164
23918.424
23225.836
22699.623
23306.999
22212.599
22276.750
21478.015
20690.832
20234.750
20870.524
20919.663
21406.668
20555.624
20495.672
20866.751
20446.859
19175.690
19106.990
19277.493
19501.912
19480.939
19620.666
20196.619
20201.024
20378.379
20765.331
22446.709
22212.606
21713.880
22916.503
21432.705
20846.534
20789.243
21989.353
22408.832
22339.725
22181.210
20503.054
20379.630
20597.190
21751.673
20718.795
20673.483
20458.793
19903.860
20437.016
19826.885
21092.279
21790.344
21828.785
21081.317
20370.674
21239.607
22144.364
23316.671
22887.589
21536.500
20353.129
19327.222
19055.323
19128.261
19342.949
19739.544
19848.531
19073.090
18795.880
18793.539
18558.069
18860.907
19763.398
20347.280
20829.201
21382.407
21322.639
20715.175
19901.314
19677.625
20701.455
20233.810
20147.349
19796.684
19275.074
19840.599
20682.587
19829.897
19732.301
19027.515
19532.083
21015.045
20991.590
20111.357
20186.351
20192.895
20218.436
20049.918
19789.700
19293.582
19043.037
19299.182
19023.597
18964.847
18670.026
18915.303
18361.039
19092.603
19793.382
19782.397
19789.635
19491.975
18947.289
18908.470
19356.969
19462.016
18542.443
18937.100
20016.583
21612.150
20757.659
20399.223
21538.731
20941.055
20953.295
21548.291
20948.230
21595.484
22169.245
21848.583
21417.691
22230.074
22485.324
22517.540
21739.078
23121.481
21835.457
21222.667
20732.066
20941.255
20976.308
22196.683
23021.114
22521.137
21372.280
21918.129
22754.908
23283.210
22344.320
22643.707
22112.896
22114.588
22108.670
21528.959
22822.249
23072.073
22726.048
22078.132
21085.430
22191.097
21633.815
21776.847
21784.072
22001.756
22463.378
23173.397
23252.600
23422.107
23524.801
24893.964
24902.572
23570.948
23023.350
23784.533
23380.255
22660.769
22333.299
23363.743
24099.856
24436.269
24627.844
24223.127
24170.730
22878.607
22718.217
21539.141
21874.940
22441.314
22814.691
23221.650
23952.250
24176.860
24794.509
24138.384
25671.475
26785.647
25194.092
26373.683
28602.884
27650.966
24755.999
24329.650
24418.504
23379.791
23461.688
22090.378
21478.486
21195.943
24177.038
25314.547
24566.640
23484.343
24720.656
25930.761
27252.150
25482.810
24495.845
24591.842
24115.421
24216.951
25626.791
26142.648
23920.736
23609.491
23639.555
23357.061
22810.175
22591.960
24219.981
27004.898
26556.793
25088.329
21929.480
22408.981
23653.898
24748.623
25171.013
24657.072
25066.314
24814.442
25591.034
25624.977
25319.775
24946.265
25449.316
24269.899
22899.027
23462.180
25076.498
26651.276
27691.695
26942.168
25962.988
25176.916
24648.809
24770.534
24206.606
22379.963
22735.577
23336.661
21414.184
20466.943
20437.828
