23576.483
23604.057
24112.920
23532.872
24664.473
23819.751
24416.449
21876.440
21036.817
22086.135
21531.804
20430.748
20781.546
21944.971
22730.437
22863.525
23991.780
23130.435
23366.867
22794.401
20587.181
21582.613
21485.987
20999.962
20620.149
21033.574
21343.952
21127.915
21488.264
20962.525
20679.725
19872.085
22095.738
21414.738
20655.466
19842.899
19258.272
19811.662
21404.151
22966.711
22127.299
22160.357
21906.054
21743.731
21692.454
21245.187
21730.480
22015.560
21842.330
21609.370
20732.787
20950.025
22114.900
23814.554
24056.725
22230.344
21348.276
20218.764
20206.768
20773.948
19656.511
21324.819
22736.710
23311.706
22806.513
20422.748
21678.747
21181.869
22505.129
23712.558
23882.123
23395.056
22444.362
21839.261
22359.294
22000.225
22551.598
20868.702
19866.921
19748.370
19698.939
20185.237
20871.800
20904.751
21205.764
21050.329
21651.936
21607.599
20813.593
21672.608
23280.286
22842.114
22865.795
22557.282
22342.559
24072.821
24274.676
22509.593
22553.113
22485.078
22528.315
21450.575
20368.232
20668.409
21274.571
21708.376
20773.072
20200.812
21247.245
21550.008
20389.461
19717.444
19939.196
20097.451
22062.329
23138.165
22772.118
20713.407
18740.206
19678.117
20216.063
19203.217
19605.010
20859.976
20304.329
20368.141
20848.541
19987.921
19678.543
20168.998
19990.093
21088.563
20998.422
20601.924
20072.196
21026.797
22169.319
21815.425
21257.865
21446.837
20582.931
20470.843
19204.949
18780.192
19240.708
20374.014
20836.041
21603.631
21347.853
21741.392
21661.716
21236.799
20745.921
20637.249
20864.271
21956.115
20531.778
20200.270
19745.785
20311.616
20339.618
19974.165
19959.246
20677.135
20359.024
19703.130
19666.584
18883.328
19377.125
19534.805
19842.784
19670.944
21084.521
21533.971
21181.051
21192.017
20587.602
20470.354
20384.841
19535.309
20181.553
20277.459
20013.640
19945.478
20411.986
20250.423
21264.197
21413.952
21309.249
21471.934
21462.893
20986.271
21673.632
21870.435
20776.479
21110.390
20816.267
20011.871
20776.871
19208.223
19016.100
17615.601
17818.037
18110.731
17932.172
18035.285
18591.129
18986.897
19438.788
19562.961
20154.778
20327.996
20194.137
19173.999
18985.392
19875.950
20034.460
20273.771
19255.749
18888.329
19310.159
19238.463
19001.224
18954.784
19362.376
20049.099
20452.301
20822.979
20962.485
21427.162
21328.662
22105.982
22220.589
21592.692
21600.475
22904.863
22458.113
21262.508
20510.406
20746.638
20544.281
20432.100
19688.695
19244.111
19488.047
19592.861
20736.450
22500.469
23883.609
23505.737
23075.307
22684.616
22293.897
22975.787
21315.475
20922.836
20188.067
20718.283
22063.467
23556.574
23442.065
22806.445
22935.603
23050.914
22442.233
22957.653
23477.572
24633.741
23075.273
23938.791
24101.302
24985.630
25289.522
24802.318
23809.071
23609.046
23711.493
24760.925
24845.000
23930.905
23766.032
24367.611
24234.325
23257.216
22788.704
22717.861
23074.513
24422.102
24405.939
23366.769
23927.472
23944.203
23937.750
23949.716
24085.506
24144.168
24058.444
24315.799
23108.564
23247.143
22049.459
22243.010
21962.931
23412.831
23628.736
23940.162
23489.270
23395.794
22891.801
21817.147
22341.349
22984.173
23251.470
23137.961
23268.377
23658.805
23402.549
23181.942
21829.555
21912.156
21311.350
21578.446
22741.438
23019.823
23269.538
22426.386
21129.401
21040.316
20739.952
21320.673
21390.058
20773.704
21723.249
23589.307
22397.351
22040.661
20772.224
20374.939
20779.976
21134.198
21797.991
22972.101
23017.154
22991.884
22452.818
21578.496
21655.211
21948.658
22400.690
21702.471
21277.582
21909.845
22338.526
20754.157
20783.564
22854.664
23043.312
22414.513
21670.331
21973.623
22033.859
22543.588
21756.416
22802.465
22431.118
