24273.622
24013.631
23137.481
22022.808
21308.833
22305.293
23318.245
24947.200
25626.376
24893.870
24041.810
24272.638
23169.944
24259.253
24760.533
23734.413
23532.447
23646.476
23578.485
23553.023
23313.029
23121.988
23752.842
25124.221
24639.176
24510.107
23551.592
25653.174
28351.350
26537.050
23042.774
23367.880
24263.199
25399.997
24185.304
23092.878
24642.380
24335.972
23361.394
22568.162
22061.694
22713.432
21955.107
21850.942
22390.868
22175.654
22505.187
22601.214
23993.052
24687.624
23958.658
23175.718
24447.361
25813.214
27258.147
28064.258
26439.862
25036.519
23898.876
23824.220
24609.269
22943.988
21369.731
21324.171
23518.068
23646.424
23307.914
23579.136
23290.165
21523.945
21532.361
20914.469
21114.724
20219.047
19958.133
21061.096
21102.078
21006.486
20705.076
21394.440
21639.210
21737.381
22239.394
22215.330
23677.411
22848.501
22014.712
22809.832
24095.893
24189.424
24045.460
24150.035
22211.466
22115.018
22745.587
24655.331
23858.126
22750.405
21629.302
22523.070
23157.593
23605.344
21911.216
20725.656
20873.095
21019.372
21244.346
19869.906
20502.240
20259.825
20509.037
21081.875
20473.891
20219.997
20847.259
21592.951
21292.147
21199.504
21038.802
21654.257
21891.955
21946.800
21357.334
21343.734
20310.849
19633.269
19381.639
19123.147
20045.349
20883.524
20380.949
19880.193
20721.688
21764.924
21401.951
21043.961
20175.776
20205.996
19534.752
20010.325
20004.995
20600.191
21120.617
20981.834
20632.212
19524.065
19553.136
20007.670
20153.369
21651.725
22566.640
22184.905
20213.280
19254.464
19283.218
19153.480
19473.777
19446.514
19404.030
19911.565
19495.644
19709.665
21766.427
21656.280
22589.943
23605.032
23299.118
22046.120
22241.781
21502.167
21748.362
22045.877
21445.159
20682.454
19534.485
19905.862
19969.878
20252.265
19552.587
18895.596
20105.536
20063.872
19342.054
19056.664
19495.508
19819.097
20743.467
19878.410
20325.600
20623.527
21404.397
21272.039
20247.917
19312.936
18870.070
19698.444
19349.231
18621.129
19241.533
19062.286
18510.966
18498.798
18701.051
19007.562
19661.683
20328.810
19729.357
20370.494
20745.070
20452.647
21014.631
20915.794
20873.309
20215.646
19817.045
19275.053
19241.904
19096.252
19447.380
20456.719
21082.312
20047.666
20313.270
19437.441
19609.793
19298.943
19109.895
19080.726
19405.814
20113.036
20792.700
21805.922
22764.820
21489.023
21494.985
20775.480
19800.583
19241.185
20737.631
21433.170
22322.160
21528.627
21300.068
21122.097
20841.019
21483.771
21896.702
22127.235
22771.514
22208.708
22374.701
22213.760
21874.949
21923.805
22273.574
22790.644
22805.125
23021.306
24139.290
24267.772
25228.412
25363.706
24923.382
25439.484
24715.959
23431.737
22981.559
21694.454
22819.111
23986.954
23707.704
23737.741
23310.828
23491.828
23022.467
21836.016
22308.800
22642.602
22717.908
23084.951
23796.351
23396.129
24118.165
23982.933
23040.555
23320.589
23326.207
23197.647
23755.662
24538.945
26202.794
24880.354
24116.790
26347.861
24786.940
23984.958
23522.911
24367.965
24734.501
23862.579
23096.276
21931.252
22411.972
22517.888
23264.794
23435.503
23803.805
22973.375
21841.980
21250.671
22280.888
22634.497
23130.049
24110.609
26144.161
24349.076
23743.396
23173.411
22419.218
23367.965
24580.341
22717.568
22791.404
23433.564
23023.358
23196.488
23246.850
22508.672
22654.006
22110.604
23473.512
23464.427
24046.782
25505.773
25506.491
26090.003
23741.814
23912.742
23685.728
21910.842
22034.274
23355.208
25372.356
25439.287
24114.190
24567.927
25143.939
24888.685
23940.835
23225.070
23374.900
22890.812
21899.129
21405.461
21216.470
21021.515
21145.287
22876.562
23009.252
21862.238
20885.427
20531.512
20824.101
20690.851
19221.184
