24529.913
24766.099
23195.888
22171.886
22459.575
21353.410
22438.081
23160.357
24218.426
23718.802
23073.031
20897.838
21259.050
20972.056
19744.817
21103.500
22362.805
21853.067
21812.577
22359.322
21135.689
20698.629
21108.277
21390.099
23652.303
22592.609
21229.793
22505.862
23623.954
24273.843
24092.398
24117.697
23798.451
23730.515
22605.389
21946.849
21169.854
21458.500
21815.153
21179.317
21033.987
22078.900
22670.489
21441.132
21650.855
21587.566
21530.852
21349.479
24385.146
24861.313
23239.943
22602.160
22370.713
22227.258
21210.172
21392.221
22331.433
21819.090
21341.372
22227.190
21835.092
22181.713
23972.950
24753.381
24099.108
22249.133
21457.486
21626.894
21002.699
20828.341
21711.566
22152.120
22044.773
20710.140
20205.837
20737.772
22175.553
20893.241
19710.029
21392.389
20507.806
20247.884
19937.279
21081.942
21689.416
21362.326
21376.921
21196.121
20941.524
21304.671
21803.240
21249.491
22075.898
22726.154
22882.168
22505.392
20623.818
21353.848
21521.482
21488.128
21712.159
21932.363
21797.716
21509.195
21877.142
21785.153
22281.011
22774.980
22025.308
22359.482
22414.921
22370.194
22396.783
21862.984
22380.532
24307.315
26025.977
25793.618
25035.516
24513.224
22806.677
21519.867
22705.484
23564.881
23718.684
22287.321
21170.325
21186.475
20773.700
19836.654
19824.493
20345.476
21228.258
21176.713
20894.695
22349.252
23968.031
23375.818
22063.409
21020.192
21936.013
22660.906
22886.607
22293.758
21066.715
20931.084
20669.262
20411.405
20653.727
21264.154
20663.956
20428.445
21803.450
21629.799
21317.732
21491.895
22613.901
22159.789
21897.121
21403.428
21600.356
21287.851
20196.614
20543.114
21105.841
22123.379
22272.393
22210.744
22045.542
21555.205
22364.539
22330.564
21471.412
20961.141
20831.793
21107.173
22067.733
22135.114
22531.792
21739.681
20531.532
19425.497
19027.674
19033.140
19164.939
19615.654
19580.055
19531.136
20420.846
20189.695
19171.236
19017.294
19353.430
19134.763
19445.955
19241.609
19344.432
19251.263
19974.819
20640.569
20492.953
21083.609
20598.837
20655.562
19583.660
19483.589
20726.723
20705.687
20453.289
20208.260
19723.316
19907.832
19574.903
19645.336
19771.277
19877.517
20340.093
20054.142
19794.368
18696.524
18727.983
18940.072
18801.395
18633.866
19119.908
19836.096
19116.218
20012.846
19931.791
21087.697
21475.783
20963.779
20966.344
20377.212
20914.196
21434.650
21849.159
22259.559
22240.313
23538.192
23566.429
22509.025
22211.777
24504.880
24122.790
23282.614
23291.420
22627.675
22864.711
23120.684
23701.714
24019.995
23841.792
23133.088
22975.498
22361.582
22640.481
22771.669
23850.779
24280.886
23421.748
22956.158
21998.176
21384.845
21171.621
21315.633
21915.391
23324.864
23053.403
24278.424
24284.785
25130.373
26250.442
25572.254
23533.470
25170.431
26571.546
26494.459
25214.690
24683.896
24037.165
24746.622
23828.149
23829.745
24211.391
24847.409
26450.690
28402.913
27391.146
27711.971
27455.405
25918.022
26346.952
26897.430
27739.521
26734.889
27563.407
27325.059
26988.437
25929.671
24404.648
23725.969
24094.097
24309.510
22727.839
23583.646
23918.255
22669.420
21643.687
21893.931
22508.827
22915.016
23178.801
22556.218
21021.322
20809.576
21704.994
21124.639
21649.059
22211.035
22813.107
23441.696
22006.397
23152.772
23716.705
24571.220
23690.527
23230.872
24354.846
24821.812
23976.783
22661.441
22898.244
21375.873
21710.443
22326.166
22798.213
23133.067
25696.375
25519.624
25742.805
25761.943
25869.687
26670.476
26626.608
26708.908
26335.144
25996.303
24853.918
24285.749
24713.366
26421.553
26259.286
26155.805
25301.445
25226.740
26355.347
24921.772
25222.925
24445.131
24720.917
25003.585
23837.959
23756.842
22923.682
