22672.420
22479.430
22857.945
25621.955
23693.872
21111.556
20885.242
21988.069
21987.495
22733.769
21843.479
21341.033
21737.018
21325.059
22523.704
22661.222
22495.879
24083.397
24899.745
24839.351
24180.305
22675.364
21993.417
21763.788
22560.509
22435.635
21144.080
21344.680
21919.868
21404.214
21220.948
21911.034
23330.329
24151.918
24502.722
22466.937
20683.069
22853.254
23424.622
23534.687
22926.757
22351.263
21364.699
21127.877
21822.138
21798.842
22891.546
21980.044
20852.959
20626.721
20802.021
22438.559
24849.879
24476.754
23490.997
22966.419
22412.017
23642.188
24727.822
24174.413
23056.585
22656.044
23493.090
24842.162
24112.614
24093.281
25391.277
24639.604
24726.764
25331.051
24121.757
23939.254
23866.211
24031.270
23701.097
23944.774
23949.685
24580.462
24841.766
24934.128
24313.523
22897.248
23279.074
23004.293
22692.901
22929.885
22691.488
22108.038
21731.001
22695.289
21940.943
22762.842
22574.430
20657.831
20745.062
21023.646
21020.280
21199.162
22138.894
21456.637
21138.574
21643.055
20778.480
20597.698
21300.066
22439.146
21910.000
21655.622
22127.437
21293.306
21322.564
22014.450
23539.236
24330.014
23968.084
22578.214
22626.276
21972.674
22271.810
22658.555
21829.203
21320.139
20557.236
20704.062
20470.754
19963.808
20404.776
19932.060
19175.576
19447.920
21032.285
20516.187
22030.972
22881.844
21762.644
20250.391
18837.166
18902.734
20323.371
21180.845
21630.443
21475.054
21748.272
21367.456
21755.858
20989.467
19580.212
20196.964
20219.110
21055.860
20138.541
20970.380
21560.620
20553.318
20385.682
20505.085
21258.954
21055.700
20272.583
20064.198
19892.495
20704.307
20571.020
20021.765
19933.133
19060.651
20275.427
21276.177
20775.513
20284.135
20365.226
20464.236
20734.106
19537.680
19806.374
20360.756
19890.319
18488.550
18242.325
18515.662
18851.594
19119.868
20218.245
19408.554
18975.165
18784.130
17921.783
18299.887
18014.008
17672.943
19321.914
19374.095
19965.927
19352.958
19363.185
19110.733
19413.816
19664.868
19278.476
18883.455
18467.099
19020.889
18643.240
19276.336
19746.691
18632.567
17406.856
17417.148
18028.128
17589.878
18852.533
19155.148
19340.423
19529.454
19798.883
19332.358
19464.714
20046.270
20211.784
18717.517
18463.871
18672.790
19332.140
19755.080
19260.714
19644.527
19764.856
20217.936
20470.902
20151.423
19483.128
19537.042
20003.112
20846.766
21924.951
21650.215
22124.770
21928.596
21294.130
19897.151
19713.029
20000.708
20517.274
21642.856
21117.349
21733.734
22306.107
21989.888
22431.406
22221.654
22008.318
21766.266
20154.132
21698.804
22835.308
22877.046
24109.021
23517.772
22940.999
23040.625
23368.130
23887.137
23939.946
24006.124
22583.267
21154.182
21347.823
21910.764
22964.742
22514.840
22048.178
21513.632
22263.793
23745.234
23651.380
22072.171
23345.817
22750.970
22380.044
22417.328
23062.066
22043.326
22458.591
22584.742
22805.516
23604.742
23274.325
23060.406
23239.315
23597.985
23725.175
24191.707
24466.910
25282.325
24571.257
22505.776
21686.175
20723.960
21634.699
21214.106
21144.899
21101.496
22966.867
23599.566
21807.372
20333.839
20552.193
20149.595
20347.572
21395.365
21705.226
21235.196
21875.629
21088.222
21279.028
21986.098
21708.550
21560.690
21727.022
21832.437
23223.679
22667.165
21675.479
21477.316
21857.383
21278.803
21066.436
21162.886
21432.570
22826.366
22611.095
23447.826
23668.413
23559.382
22740.769
22134.641
22000.116
22366.873
22808.494
23238.277
23446.976
22164.821
21625.550
21389.648
21930.382
21952.730
22221.227
23731.668
24615.560
25362.346
24890.462
24338.262
23551.006
22743.432
21099.156
21725.287
23231.959
23759.894
23762.342
23311.463
23099.310
22280.621
22304.872
22296.299
23132.776
23752.833
