22064.254
20246.166
19203.007
18210.645
18198.821
19130.791
18910.884
18340.580
18787.848
19812.161
21338.722
22128.259
22153.346
23090.334
22346.763
22704.713
22579.942
22547.053
21835.889
22798.386
21591.378
21393.150
20844.321
20518.008
21486.332
21024.829
20625.025
21707.061
21297.247
20392.977
19483.600
19523.811
19926.702
21228.578
21914.761
22210.769
20442.205
20670.345
21748.125
22344.981
21845.325
20226.269
20381.133
21238.646
20415.371
19962.985
19369.437
19342.019
20419.634
20408.186
20688.401
20876.137
19569.347
19499.997
20972.630
22013.553
22394.847
21297.660
21934.065
22431.860
23170.065
22738.151
21563.044
21835.411
23030.103
23516.990
25030.597
23510.846
22213.151
22222.385
21781.364
22498.864
22915.782
22109.648
22389.278
23495.771
23788.323
24228.013
24030.090
22775.571
22736.297
24372.170
24929.609
24540.847
24348.380
24827.690
25472.340
24916.674
24119.926
25190.863
24791.037
23908.488
24389.449
23525.950
22791.977
22392.151
22192.584
21997.993
21768.632
22149.875
22557.992
22957.567
21973.059
22502.790
22860.176
22838.815
21481.909
20324.951
20681.880
21044.110
21485.036
21434.668
21460.911
22507.466
23192.915
22445.150
21202.967
21062.774
20291.111
21019.004
22978.225
22970.295
22849.896
23989.061
22720.733
21412.100
21563.050
20439.831
19880.017
18861.681
18518.080
19863.370
20331.469
20873.056
21947.118
21411.158
20097.071
20345.900
20832.417
20915.127
21667.660
21423.174
21084.873
22200.059
22210.912
20476.966
20008.427
19977.264
20083.513
20573.787
20557.545
21263.809
22403.323
22601.287
21913.610
21400.736
21358.506
22751.790
22478.385
21825.867
22561.838
21737.059
21824.080
21761.490
20807.984
19818.634
18862.427
19448.323
19686.527
18745.503
19365.631
18609.849
18844.302
19051.082
19623.220
19865.149
20901.366
20531.478
20948.714
21669.612
21033.076
21347.097
22708.904
22553.891
22595.810
22512.734
22377.306
22052.243
21011.536
21861.558
21519.284
20775.152
20263.212
19635.399
19490.135
19353.612
18939.934
18565.853
18815.488
19352.130
20101.588
20042.066
20455.083
19455.462
19174.582
19347.971
19250.359
19055.501
19576.204
20537.453
20387.603
20013.546
20773.848
21486.400
20744.042
20880.587
20581.738
20100.871
20196.370
20605.775
21134.546
20683.862
20970.460
21103.601
19553.806
19086.076
20429.432
22241.779
21269.812
21009.579
21515.340
21240.504
20603.085
20022.794
20524.703
20775.114
21673.577
22619.568
23150.170
22790.604
23469.902
23004.242
22816.781
23507.758
22196.932
21856.335
22142.828
20835.068
22159.794
22160.484
21381.672
20465.998
19984.946
19873.554
21171.958
21783.730
21914.023
21817.119
22121.897
21788.843
21659.678
23451.907
23799.883
24053.126
24058.454
25157.348
25397.660
25881.826
23022.329
22327.284
22873.382
23385.532
23428.196
24974.361
24761.787
25005.345
25602.100
25983.024
25905.316
25173.184
23588.676
22422.022
22445.894
21079.703
20601.999
21266.212
21630.059
21237.033
20793.382
23218.002
24220.620
24126.803
25272.447
25306.433
24816.217
25277.315
26276.937
25547.303
25220.896
26323.581
26454.611
26773.900
27498.440
26292.207
25721.507
25177.394
24801.843
25248.811
26300.074
26923.346
26946.828
27367.964
25286.112
24397.472
24741.218
24206.385
25831.661
26460.605
24786.248
24229.619
22716.918
21993.578
22211.962
22183.724
20870.650
21203.958
22162.798
23249.941
23854.047
24078.623
23470.094
22350.177
22450.912
23163.350
23737.165
24139.916
24589.952
23946.100
24848.385
22813.983
22060.077
22662.285
22970.892
23473.430
23407.796
23272.671
22953.228
23396.737
22825.462
22630.957
22392.158
22371.299
24068.337
24418.724
23051.076
21902.413
21500.011
21768.134
22030.232
22549.750
22232.033
21401.981
21243.740
20198.167
19974.104
