24402.326
23760.241
22281.729
22784.298
23668.293
23303.075
21694.175
20686.299
21833.807
23451.600
23129.977
24052.294
23951.725
23722.492
23019.857
22019.874
21816.198
22130.926
20806.192
21414.706
22371.959
22673.589
24134.637
22720.922
20390.217
21389.642
22702.935
21014.243
20969.604
21759.408
21839.872
20857.069
22685.088
24533.695
23404.775
25852.075
26239.187
25038.937
23427.334
21965.187
22048.964
22229.009
21527.034
22776.000
21013.861
20497.528
20542.135
20785.750
20091.456
20656.386
21408.742
21655.679
21730.826
20951.714
21441.738
20838.401
20823.048
21663.343
20981.073
20326.490
20541.307
21072.850
20802.852
20227.116
20787.925
20967.645
20040.914
19200.187
19426.090
19156.025
20292.383
19678.331
19455.539
19738.434
21256.112
20636.375
20484.362
20639.890
20956.919
20603.918
21517.767
21527.429
20575.087
21915.098
23664.199
24285.416
21267.571
21529.951
20408.350
20426.229
20314.768
20771.799
21670.902
21551.095
21175.036
21731.770
21995.685
21019.684
21436.312
23250.932
23133.321
22482.033
22001.254
21770.667
22254.425
22589.874
22839.730
23256.821
23587.283
24559.956
22267.191
22008.898
21932.831
21673.891
20605.902
20527.279
20537.108
20044.458
19555.594
20749.232
20678.060
20925.117
20019.823
19361.904
19616.410
20264.068
20727.525
20800.960
20552.643
20249.699
20499.349
22069.884
22256.128
21691.076
21766.470
22133.789
22390.094
22241.368
21574.546
22308.830
22386.373
21646.993
21802.408
21668.408
20757.560
20030.724
19693.433
19749.885
20162.346
19863.757
20536.330
21362.891
21168.169
21304.091
22262.674
21944.123
21417.363
21106.012
20552.216
20677.528
20118.863
20602.214
20673.751
20750.609
21423.972
20875.884
19928.355
20100.117
19916.828
20251.826
20316.811
20611.964
21068.708
21640.247
22018.553
22390.851
23220.705
22506.404
21322.202
21622.660
21870.150
20783.783
20946.207
20094.881
20154.785
20258.461
20220.354
20921.235
20626.666
20622.145
20022.054
20941.249
20823.825
20237.727
20924.452
20197.194
18992.226
18625.077
18312.545
18192.137
17928.388
18076.963
19205.656
19053.247
18882.461
18417.153
18721.897
19203.175
19881.023
20898.771
20472.360
19773.445
19779.892
19242.913
17984.164
17718.693
18924.456
18940.502
18617.976
18647.710
18768.600
18608.152
19038.428
19389.382
19406.832
19279.905
18457.816
18941.707
19072.016
18684.287
18607.104
19620.405
20648.776
21276.666
21374.276
21786.464
21801.110
22221.601
22336.397
22221.399
21328.032
20643.330
20810.674
21374.092
22074.783
22171.126
22049.802
21898.603
22455.836
23102.860
24641.303
25159.417
23466.320
23369.664
22931.541
22767.079
23198.165
22290.596
22275.873
22668.441
23503.768
24757.513
23453.268
23055.995
22346.104
22804.141
22615.152
22996.285
23087.141
23209.357
24166.698
24290.510
24118.333
24362.770
25511.512
25969.716
26297.687
26203.850
25636.719
24399.126
25448.692
26610.297
26264.193
25247.767
23730.128
24194.914
24842.573
25035.914
24310.955
23111.621
23241.585
22744.937
22634.441
22323.118
22725.950
23080.495
24262.765
23197.267
23130.467
22913.508
22442.779
24094.197
25765.197
25931.089
25016.499
24333.754
24146.353
23840.239
24285.769
23529.036
23514.946
23356.193
22390.776
21751.529
22084.431
23490.539
23861.250
23767.076
23585.191
24096.961
23212.014
24123.015
23858.451
23702.560
24197.955
25071.542
25400.899
26373.613
26436.057
25330.478
25461.783
26227.151
25278.464
24140.426
23007.932
22830.006
23544.837
23889.893
23649.574
23386.833
23169.470
23969.706
25607.086
25191.491
25426.269
24494.928
23666.913
23526.461
23331.274
23249.169
24091.256
23637.814
22582.154
22633.806
23199.432
24376.369
23861.689
24068.463
24308.532
23536.182
23905.770
23830.458
23732.720
24330.333
23891.793
22354.836
