20566.598
21114.205
21890.986
21788.054
22032.724
21953.940
21902.006
20863.290
21830.202
23185.186
23950.060
24367.227
23738.167
24072.579
24549.032
24908.953
24921.270
24784.915
23945.344
24003.586
24590.262
24782.758
23899.382
24356.979
24099.894
23186.679
23705.988
23654.017
23404.290
23569.556
24448.479
23533.003
23681.103
24488.863
22366.497
22718.735
22114.432
22330.063
23944.568
23762.417
23367.543
22915.794
22904.026
22941.901
21731.311
22711.835
21984.117
21211.138
20804.866
22015.932
22556.679
22930.785
22607.653
22622.376
21859.264
21924.767
21141.073
22092.446
23215.629
24462.413
25749.916
25134.451
24862.334
23719.535
24196.634
24092.903
23421.628
22934.684
22487.014
23665.600
25717.383
25730.229
24520.310
23891.517
24078.254
22064.122
20914.085
20662.091
20936.957
21717.597
22276.049
22193.267
22257.336
23728.146
23218.475
22564.890
22159.037
22272.094
21212.411
20454.929
19707.317
19552.503
19367.256
19010.428
20255.579
20643.876
20785.702
20990.694
21899.543
21823.506
20717.622
20266.576
20438.693
20921.669
20294.742
21374.242
21092.397
21404.094
21720.475
21834.502
21210.683
20617.439
20919.597
21409.161
23031.273
22799.176
22704.080
23295.512
22385.011
22509.665
22387.341
21675.435
23092.530
23533.082
24135.418
23899.117
22086.163
21699.698
22107.885
22256.296
21824.439
21831.008
22452.156
22684.360
21161.082
22995.762
22541.347
22288.088
22467.559
21796.292
21935.912
21297.548
20981.688
20519.093
20626.127
21745.074
22248.716
23777.039
21773.313
19080.266
18747.528
18877.939
19587.805
19970.518
19820.018
20609.977
20757.356
20205.739
19517.867
18934.079
19297.555
20617.119
19096.393
19223.621
19583.139
20059.733
21275.038
21867.795
22268.421
21554.260
21908.725
22105.061
21308.280
20769.259
21008.987
20112.393
20178.603
19015.708
18526.844
18898.409
19194.773
19379.870
19789.701
19942.414
19435.004
19559.578
19011.268
19222.474
19829.135
20311.220
20518.521
21540.269
21448.095
21102.822
20765.839
20725.160
20654.756
19658.132
20440.708
20358.092
21258.300
21478.066
21367.141
21185.612
20581.249
20296.965
20110.205
19956.484
19001.787
18963.160
19488.424
19369.834
19200.224
19939.392
19348.140
19455.711
19084.158
18608.477
19065.367
20379.436
21706.999
21586.222
21775.701
21761.842
21640.699
21791.705
22161.054
21539.165
23129.698
23680.918
23102.457
21714.194
21732.446
22313.984
22548.788
23032.484
23485.862
21870.009
20824.780
21715.438
21765.394
22609.009
22965.946
22892.271
22048.697
21186.006
20604.459
20778.852
21365.750
22672.659
22167.338
22363.306
23526.468
24835.288
24773.197
23487.379
22639.645
20468.638
21164.625
22245.672
21077.509
22832.086
23732.921
23265.115
24329.170
23414.681
22675.068
22702.827
23264.581
24268.806
24984.531
21788.651
21841.264
22253.787
22944.551
23658.183
24138.579
25923.185
26997.825
27973.822
25624.566
25205.268
25625.131
25272.489
24622.026
24908.647
23707.376
23058.354
21093.930
22148.535
22776.623
22655.731
22847.172
23092.127
22751.519
22882.008
22739.576
23324.721
24242.527
25613.476
23964.231
22531.812
23728.615
25231.986
24944.911
27466.670
27130.606
25229.947
24418.402
23666.352
24276.530
23450.469
23022.451
23664.329
24772.278
25055.587
26466.720
25884.987
26978.524
28271.382
25805.587
25535.852
26235.210
24648.347
24708.560
24027.194
23364.050
22162.412
22639.962
22749.080
22766.031
23686.908
24450.760
23356.679
22838.589
23382.610
24072.941
24716.404
24199.056
23509.905
23210.298
22774.272
22602.029
22464.327
23060.549
21961.363
21071.123
21681.066
22525.399
21037.777
20390.773
21549.133
21615.262
20629.835
21416.949
21169.412
19722.932
19354.354
19841.496
20761.313
20598.649
21154.181
21549.157
21859.345
21450.621
