25403.619
26408.787
25556.388
24881.657
25814.704
25286.255
24980.276
24442.510
23774.766
24831.560
25343.833
23891.350
22736.674
23932.644
24576.606
23550.256
22746.853
22124.773
23550.839
23749.424
24189.570
24532.916
23801.440
22725.307
23994.297
23847.230
23395.198
23912.065
23939.347
23656.491
22160.026
22243.245
23875.580
25017.159
24572.112
23543.949
23820.545
24220.219
23508.091
22251.825
22427.691
23187.378
22162.621
20899.592
20961.110
20785.794
21101.182
21315.222
23416.144
22658.023
21816.597
22595.678
23176.697
22308.821
21903.653
22726.108
23068.532
23950.238
22789.752
21559.331
21544.497
21306.354
21187.653
20892.476
21545.590
22120.465
21693.983
22040.614
22360.153
22393.838
22161.430
22116.147
21863.533
22256.714
21521.639
20588.389
20390.578
22024.854
22913.144
23403.838
24047.173
23696.175
22401.849
23056.953
23448.746
22353.429
20924.719
19997.016
22160.571
21702.275
20911.268
21259.713
21706.439
22426.678
22284.259
21158.597
21137.800
21553.753
22572.996
22339.126
23436.241
23262.114
23303.540
22512.620
21774.452
22757.821
22401.228
22126.037
22781.047
21151.297
21733.997
20836.849
20514.019
20035.113
20367.091
21272.343
22202.823
22626.739
21461.530
21919.953
22172.189
22115.313
22445.786
21592.991
21724.358
21658.801
21673.839
21611.362
22848.447
23089.188
22193.018
21650.860
21001.675
20433.232
20230.026
21501.577
20327.569
19869.466
20735.715
20909.728
21806.226
21042.263
20613.792
21388.118
20678.000
20614.076
20373.538
20500.784
20826.925
21456.942
22678.503
23566.407
22989.828
23132.370
23171.322
22071.623
21245.336
20589.702
19241.637
18667.725
18478.299
19618.582
20113.022
19086.300
19867.029
19902.339
20096.644
20518.593
21236.763
20487.872
20109.536
20791.253
20956.899
21858.313
21537.136
21760.458
21434.546
21230.089
20664.280
20973.666
21524.675
20937.826
20852.429
21080.938
21228.007
20218.918
20596.274
20430.908
20113.817
20391.740
21457.139
21054.310
20353.332
20599.889
21016.853
20468.816
20469.427
19954.599
20062.566
20223.297
20586.836
20666.757
21405.875
22541.299
22953.861
22386.679
22129.899
22004.778
21539.703
21138.147
20530.094
19702.370
19071.970
18617.984
18541.748
18590.848
18380.081
19182.375
19564.343
19804.390
19504.236
19539.495
19817.543
20702.186
20320.449
19962.100
20059.707
20193.026
20240.076
20196.648
19841.564
20624.268
21436.595
21548.089
22520.749
23230.192
23429.087
22897.449
21701.329
20651.647
20682.814
21150.172
22178.304
22740.876
22505.275
22222.030
21846.956
21646.378
22146.732
22445.852
22578.141
21790.889
21963.812
22873.467
21966.407
22827.337
22543.693
22234.749
22246.407
21133.250
22378.715
22739.700
22252.132
22476.914
23799.050
22788.041
22547.784
22827.257
23666.388
24614.899
25443.946
25007.176
25090.481
25369.872
24751.759
24303.350
23111.674
22346.624
21990.413
23206.774
24155.012
25330.426
25648.221
24942.273
24661.507
23462.788
23121.372
23035.376
24361.133
23637.599
23358.837
23343.179
24945.501
24577.666
23259.853
21868.484
22407.488
23208.868
22625.475
23016.127
23397.358
22002.233
22458.715
22755.851
24577.838
24721.995
23829.931
24560.972
24500.585
23302.203
23961.960
23519.631
23972.835
23594.781
24527.621
24304.966
23039.359
23762.805
23046.444
22491.640
21851.224
22166.553
22910.570
23417.511
22385.824
23497.393
24232.034
24051.431
25680.594
23960.969
23306.928
23872.283
25051.219
24083.241
24100.695
24717.931
25366.028
24880.795
25832.277
24842.725
24833.121
24256.579
23563.077
23553.577
23586.442
26876.855
26034.924
25194.530
23839.356
24557.000
24579.812
25363.639
25429.354
24699.509
24868.743
23687.582
22138.196
22336.136
22844.874
21775.203
23446.422
24329.484
24640.719
24812.320
24388.474
23884.900
