21387.667
21574.931
23780.170
25013.132
24444.522
25004.694
23802.617
23396.251
23593.270
22408.557
21463.402
22262.222
22554.208
21971.817
22899.254
24164.584
24355.361
22921.222
22246.464
21189.051
20702.415
21227.866
20874.969
20305.651
19985.110
19159.428
19217.426
20130.164
20610.544
20085.291
21012.817
21098.168
20503.344
19738.976
19833.369
20171.635
21191.044
21786.841
22506.647
21236.338
21994.225
22098.438
22037.234
22763.387
22706.309
21822.992
21434.927
22595.331
22276.319
23212.104
21996.188
20429.418
21032.984
20993.030
20522.945
20364.563
21827.422
22356.188
21359.956
22299.866
22307.165
21891.447
20424.312
20374.882
19963.882
20907.122
21291.584
21492.548
20722.611
19874.873
20449.043
22272.644
21125.833
20350.171
19664.256
20519.007
22138.567
22936.980
22361.828
22791.206
23744.701
22289.225
22269.576
20864.578
21285.269
21761.023
22207.274
21684.757
21270.439
22548.870
22698.776
22226.694
22304.436
23162.560
24146.348
24127.930
22812.417
22717.278
21913.878
21508.953
21928.654
22047.683
22087.104
20788.543
21771.400
21200.875
21487.715
21706.838
21556.434
21116.823
21722.699
21285.919
20826.718
21990.442
21727.468
21036.288
20951.415
20686.179
20290.287
20510.696
18750.353
17675.609
17557.374
19119.304
20353.942
20804.222
20749.823
22151.780
22214.026
23035.234
22779.040
21624.074
21509.578
22005.649
22206.122
20803.049
21136.369
21217.816
22659.455
21005.341
20918.544
21270.798
21501.698
21830.101
21857.615
21696.609
22454.719
22071.568
21041.439
20944.667
20803.691
21139.328
21490.922
21683.969
21857.848
22778.049
22571.993
21732.327
20873.445
20485.612
19426.887
20078.302
20220.043
20336.643
20629.317
20549.569
20049.849
19876.078
20387.993
20273.437
19716.807
20048.073
20038.769
19268.137
19221.979
18903.247
16867.123
17271.102
17792.019
18329.027
17046.113
18156.585
19286.409
19327.798
20473.733
21226.419
21093.663
21014.839
20612.568
20236.225
19810.806
20235.293
20626.593
20634.122
21719.669
20603.340
19431.679
19977.262
20992.482
21791.940
21565.442
21059.081
21673.260
21454.774
21366.723
21800.460
20742.092
19817.604
19629.736
20140.294
20204.452
20659.479
20728.537
19955.429
19772.772
20587.073
20625.320
20264.542
20624.931
20795.806
20647.768
20864.033
20842.805
21225.184
21717.230
22048.377
21990.445
21851.826
20288.534
21524.772
22110.057
21940.722
20893.122
21062.891
21087.927
21090.544
20807.893
21043.751
21541.325
19912.779
20202.660
20036.976
21002.010
21757.068
22136.874
21944.196
23855.680
24225.719
23523.591
23358.635
23305.586
22929.629
23527.783
22906.263
22604.850
21841.242
21423.977
22348.142
22782.968
24170.021
22867.890
23738.214
24419.141
24235.535
24492.556
24453.151
24284.526
23942.527
23192.892
22453.766
22525.864
23018.095
23552.510
23136.689
23693.621
22995.227
22376.031
22627.262
22832.401
23274.172
23935.844
24515.285
25409.471
25670.788
24681.682
24538.783
23990.771
24070.398
24460.422
25457.341
25377.922
24991.032
23611.764
24171.150
25231.156
24585.067
23618.344
23346.494
23607.458
23159.722
21871.693
21790.117
22215.469
22878.288
23132.066
23201.064
22914.525
21764.875
22862.073
23115.202
23665.405
23883.185
25034.624
23809.968
23512.263
23814.392
24477.955
23303.561
22729.308
22673.578
23033.152
22242.549
22151.645
21794.936
21233.974
21963.771
21819.045
21835.990
22478.100
22648.729
22382.085
21875.691
21248.612
21000.864
20431.503
19836.301
18992.770
19520.723
19861.475
19654.344
19492.105
19755.061
20301.287
21493.410
22278.406
21640.324
21267.202
22761.522
23479.643
21412.656
20843.147
21567.863
21070.160
19951.172
20214.757
20866.331
20084.948
20621.223
20317.626
20549.601
20997.183
22181.913
23906.161
25991.555
25888.843
