21533.420
21665.016
20575.529
20435.699
19646.375
20795.252
22092.138
22258.922
22084.855
21824.761
21789.482
21550.706
20895.803
20727.719
19907.731
19739.752
20806.364
22448.782
22259.397
21687.628
21492.274
21674.842
20702.071
22132.610
21616.754
21775.532
21675.675
21456.208
22293.201
21316.665
20278.035
19374.581
19157.563
19692.676
19876.695
20128.386
20546.286
21696.352
20523.541
20915.182
21269.617
20937.521
21223.884
22002.266
20301.009
21717.531
23483.093
24917.852
24887.146
25351.611
24998.956
23982.946
23784.190
24770.552
25289.497
25013.997
25439.633
26012.865
25094.459
24260.572
25992.582
25209.582
24712.080
23977.083
22559.649
22991.902
23389.207
24402.435
25056.120
24250.789
23110.260
23077.041
22918.178
22291.759
21535.109
21347.347
22062.312
23554.634
22323.087
20954.478
20756.536
21830.071
23440.333
25357.583
26054.726
25159.181
22656.577
22722.938
22466.124
23581.826
25333.268
26389.884
24527.304
23376.162
23124.782
22327.189
19953.869
20078.477
19477.138
18474.753
19553.443
19609.545
19372.842
18682.568
17024.488
17423.385
17533.574
17489.447
18626.916
18362.877
18380.757
18462.798
18655.050
19525.410
19952.606
21212.591
23225.402
24434.949
23174.250
22254.705
21153.654
21465.453
22604.917
21134.636
22153.431
22442.630
22461.667
22636.472
22409.269
21753.371
21657.335
21147.424
20898.459
21125.322
20846.613
20105.382
19762.890
19822.667
20240.614
21685.833
21192.112
20334.293
20102.416
21325.433
22318.344
22367.849
21322.324
20691.037
20799.119
20429.792
20928.388
21132.356
21335.128
19744.821
20249.166
20517.414
19678.964
18933.673
19382.598
19565.983
20673.785
21644.168
21161.136
20641.589
20628.698
20623.661
21300.332
21738.611
21299.072
20630.911
20477.353
20177.497
19174.040
18702.090
19191.072
20169.003
19581.609
18904.226
18719.336
18493.297
18545.845
19073.422
19282.215
19713.963
20283.241
20872.420
20564.346
19852.886
19973.415
19925.169
20346.596
20334.087
20517.922
20877.798
20116.887
19217.668
19441.343
19850.233
20599.786
20748.700
20619.162
20117.144
20322.778
21317.141
22092.436
21769.665
19968.082
18917.095
19132.143
19115.656
20082.773
20818.449
21774.526
22388.670
21515.596
20897.557
20397.040
21145.605
22193.383
22104.400
21270.594
20667.981
19600.170
19346.424
20628.831
20949.850
20486.124
19551.852
20557.936
20138.646
21261.798
22010.397
21856.068
22349.471
23163.237
24145.675
23155.285
22598.575
21425.719
20047.139
19619.233
20031.067
20001.967
19808.112
19488.534
19967.096
21142.023
23106.672
23598.319
23811.017
23924.583
22725.464
22366.631
22623.675
22989.249
22433.800
22791.052
23070.413
24077.837
23539.317
23782.297
23883.462
22940.894
23395.345
22959.978
22541.305
23648.528
22569.811
22074.703
21793.781
23101.673
24516.041
23775.245
22890.653
22438.580
21840.311
22292.742
22425.704
22915.416
23085.206
23565.472
24185.632
23888.989
23026.378
22355.326
21750.631
20802.751
20965.474
22027.440
22209.750
22949.097
23022.554
22781.376
20888.165
20398.322
21028.890
21747.018
22058.293
21628.128
22825.156
22873.243
22521.393
23002.333
25246.282
25612.475
23713.670
22692.092
23207.272
24714.141
24911.258
25787.427
25019.140
24526.038
24535.215
23801.857
22809.765
21736.372
21370.561
21440.657
23090.962
23631.189
23674.070
23359.643
22088.200
22009.381
22214.750
23003.015
23479.432
21905.775
22440.707
23390.664
23260.405
22884.195
23269.858
22189.240
22423.872
22848.137
22416.608
22230.917
23018.935
22260.727
21623.880
21202.394
21103.974
23495.715
24629.081
25142.251
24784.892
24692.698
22699.853
21979.585
22106.383
23202.596
22848.629
23037.352
22004.170
21792.779
22360.774
21471.738
20950.002
22091.446
23636.756
23440.517
23601.152
23518.341
