24613.525
25636.568
24504.229
24750.961
24675.573
23524.835
23725.758
22915.657
22069.562
21374.763
23485.283
23157.942
21877.524
20798.143
22247.095
21518.561
22145.562
21542.102
19822.994
20472.975
19964.367
20981.289
21186.700
21752.332
22674.781
23854.105
24190.709
25304.591
25876.535
25524.636
24306.859
22186.920
22297.103
23439.542
24319.566
25273.602
24560.193
25945.466
26979.654
24580.210
23030.482
22845.299
24075.194
24510.675
23654.225
24549.310
25446.379
25304.390
26399.761
29147.894
27029.404
26036.886
24377.906
22737.728
22789.884
23504.203
23875.366
23354.094
23354.827
24552.667
23611.433
23574.328
23244.328
20580.380
20038.377
21199.778
22517.372
25007.008
24123.332
24103.709
24335.955
23142.066
23300.479
23556.377
21114.688
21667.612
22120.495
22485.913
21736.245
21220.907
20045.858
20524.017
21117.777
22374.489
21331.251
20809.045
21840.375
21779.961
21791.165
21557.616
22140.763
22384.552
24167.941
23693.705
23231.711
23742.345
24869.351
24570.646
24266.523
23916.264
23430.951
23087.301
22540.289
21978.750
22420.159
22839.227
21547.927
21850.977
23567.465
23367.353
22485.890
22047.543
21827.300
21389.111
20547.385
21458.584
21172.980
21539.304
21406.775
22338.306
22068.723
22103.786
22751.783
22538.952
21436.451
22066.648
23197.893
23145.313
22379.891
23743.247
22707.449
21595.630
20934.258
20267.034
20943.325
21723.890
20595.272
20621.272
20473.766
21542.886
21212.838
19711.281
19817.258
20144.585
20786.453
20489.438
20058.901
19866.380
20030.621
19639.703
19869.882
20543.969
20222.394
20027.690
20397.448
20587.869
19701.148
19126.643
19987.179
19809.329
20861.801
20901.255
21231.834
21759.205
21767.160
21473.080
20131.750
20186.404
21409.643
21073.064
22150.643
22365.213
21900.653
20632.945
20129.006
19881.562
20395.362
20530.249
19675.303
20077.837
19967.455
19640.868
19906.066
20494.150
20928.656
20999.573
20616.366
20556.194
20113.561
20021.472
19918.135
19215.248
19120.068
20168.581
20401.434
20365.600
19065.844
19845.525
19933.710
18950.676
18333.558
19210.921
19691.043
19582.200
18523.353
18289.610
18164.514
18096.885
17930.069
17303.972
16954.522
17186.820
17557.382
19039.800
19649.087
19799.303
19583.931
19539.383
19366.661
19417.440
19581.342
21587.870
20696.758
20883.185
19728.190
19655.020
19951.384
21141.290
20583.465
21636.703
21147.852
21105.138
21525.948
21397.412
20898.470
20334.995
20512.903
21895.840
21179.901
20840.992
20331.168
20439.710
20195.396
21077.566
20628.294
20065.193
21224.925
22149.560
22816.337
23302.060
23068.108
22785.799
22690.658
21671.305
21874.902
21844.164
22344.392
21535.154
21209.545
21823.468
21983.018
22962.813
23702.888
23578.804
22996.306
23332.094
23682.406
23974.427
24126.515
23826.166
24445.061
25652.272
24634.386
24631.681
25422.590
24217.261
23779.431
25507.808
24839.100
24273.730
24074.626
24169.457
24219.733
25566.144
26127.239
25564.707
25462.788
24628.008
25144.466
24717.429
24617.761
24170.971
23044.887
23623.425
24477.174
24622.590
24971.207
25317.995
25507.459
25170.949
25335.216
25862.523
24469.574
25383.593
25345.952
24535.218
25790.837
25619.650
25102.493
25386.887
26059.398
27050.423
26291.860
26521.324
25120.436
25191.157
25221.503
24751.461
24837.410
24747.827
24867.668
24766.377
24907.068
25988.715
26133.509
24864.980
23867.342
23792.252
23737.146
23113.100
23411.233
26106.565
25503.984
24287.110
26709.936
25817.715
24468.778
24225.503
22958.268
23411.195
23692.364
22781.105
22949.505
23316.410
24416.088
24244.597
24388.947
24806.046
25454.137
25335.224
25583.337
25301.474
26651.065
27524.271
26890.995
25875.581
25800.970
24232.146
24675.931
24786.230
25611.524
26166.196
25838.530
26252.099
25119.044
24291.856
