25781.401
25960.867
24439.977
22588.633
21287.403
22480.399
23535.943
21883.879
22344.091
23132.267
22203.591
23158.716
24599.545
25730.419
27801.390
27314.687
25568.094
25015.730
23907.844
23145.317
23901.492
23915.618
24272.142
23949.302
23056.150
22515.281
23960.599
23736.207
23365.882
22640.968
23824.547
23861.930
25131.361
25571.166
25063.593
24466.100
22891.296
22176.151
21172.353
21623.689
23295.330
23084.625
22065.150
21507.176
22005.921
22060.415
21435.902
22819.455
23292.938
22524.432
21994.129
22774.897
22792.769
22889.182
23727.441
22913.128
23033.303
23172.579
22616.643
22776.560
21417.879
22278.757
22139.150
21626.559
22405.924
23451.630
21941.801
22708.441
22851.485
23017.902
22732.824
22961.784
22604.798
23437.020
23934.729
24272.804
24700.954
24228.045
22401.915
21689.340
21305.333
22060.318
21718.378
19684.407
19565.684
19980.861
19790.895
20268.806
20666.179
22130.362
21695.992
22177.930
22290.510
22359.229
23460.881
23016.273
22509.865
21516.903
20295.114
22101.028
23038.806
23676.372
23767.631
21805.191
22144.279
21264.307
21906.188
22381.166
23169.661
23557.231
23393.997
24217.633
23786.555
22769.727
23393.283
23220.827
22300.849
20750.081
20466.575
21368.473
21640.321
21205.383
22355.665
22956.657
21939.140
20511.896
19403.886
21072.132
20811.821
21037.255
20551.159
21258.165
21660.101
22072.317
22802.998
21218.302
20476.781
21242.158
20873.422
20942.992
21420.984
20637.928
19787.236
19551.997
20799.521
22230.731
21581.722
21926.172
21701.825
21193.920
20139.708
19408.422
19209.086
18688.250
18470.330
18432.106
20049.184
20778.258
21200.977
21026.652
21538.046
22406.119
22302.038
21355.776
21008.327
21208.868
22369.194
21957.382
21618.461
20992.470
21600.206
21946.254
21405.439
20935.814
21592.799
21938.559
21900.003
21325.873
20620.118
20052.381
21176.300
21840.392
21181.304
19855.299
19898.998
19917.688
19932.637
19197.269
18848.672
19067.447
18965.161
19522.518
20775.727
21318.239
21282.025
20040.562
20072.733
20563.169
20201.768
19871.764
19254.072
18145.072
17669.092
17755.730
17526.911
18135.953
20102.066
20386.989
19396.394
19126.588
19008.003
18468.251
18958.142
19462.759
19929.310
19540.925
19287.236
19481.933
20190.931
19808.107
19825.414
19814.440
18798.542
19148.122
19978.017
20283.777
20107.502
20372.774
21109.974
21514.740
21858.336
21027.456
20598.538
20180.119
19866.934
19884.744
20618.208
22241.003
22148.253
20930.094
20940.537
20954.598
22401.112
23491.018
23951.852
23590.534
23024.947
22492.079
22761.647
21774.967
22156.156
22812.551
23050.747
22438.134
22007.546
22069.351
22006.911
22478.508
23032.404
22341.022
22944.887
23136.760
23752.505
23476.759
23840.512
23480.709
23543.256
23416.345
23926.693
24117.603
24353.351
24762.730
23612.692
23248.979
23397.165
24145.573
24524.394
23846.865
24030.342
24673.960
25340.837
24741.718
23002.441
22160.889
22762.576
22668.840
22658.037
23786.197
24457.708
24213.750
22535.034
22647.037
23545.119
24191.859
24814.824
25681.070
24953.402
25652.173
24900.449
23275.311
22814.910
22726.956
23921.813
24859.847
22889.293
24176.255
23786.059
24166.350
25283.552
25032.076
23937.763
24301.068
25204.117
25486.336
25304.359
23295.941
23017.858
24975.344
24909.605
24287.064
23279.298
22315.051
21809.917
21828.113
21507.641
20960.908
21549.750
21501.365
22694.175
22996.262
24193.136
23280.245
23402.229
23668.857
22374.989
21269.006
21752.302
23147.496
23572.071
24054.132
23766.693
24569.883
24571.030
24148.202
25238.899
24823.727
24198.475
24190.525
24638.910
25415.457
25933.343
23571.351
23375.900
23811.525
23460.207
23390.323
23684.055
23697.827
23557.302
23454.483
23010.140
23786.043
25408.233
25258.748
24487.672
