22672.396
23750.958
23754.971
22788.485
22598.144
23111.168
22639.291
24129.563
25273.169
25829.468
25974.472
25287.875
26189.857
25903.114
26619.857
25623.242
25411.172
25150.915
24669.796
23974.896
23646.518
23275.506
23572.286
23442.877
23189.500
24190.349
24747.726
25304.658
25358.236
23932.717
24757.704
23109.183
22374.360
22524.632
21816.760
22480.451
22296.343
24586.299
24760.711
26004.913
25289.993
24093.451
25553.593
24765.279
24016.636
24907.153
24888.284
24986.305
23599.450
22918.094
24341.021
25237.728
24119.530
23846.013
23679.472
23902.903
23490.483
23369.171
23808.749
22349.210
20655.083
22038.528
21177.462
20025.796
20706.064
21945.811
22039.515
22735.647
23510.863
21679.121
21895.340
22124.074
22366.107
22575.608
22593.440
22821.356
22058.645
20879.168
21436.760
22496.126
21966.201
24080.661
23621.232
22859.821
22680.239
23430.706
23722.145
23139.216
22683.902
23108.269
22987.476
22928.074
22569.579
21485.811
23087.487
24713.331
24839.828
25853.379
23963.092
23922.169
24108.614
23470.114
23519.866
24479.337
23477.369
23594.489
24268.554
23016.139
22351.155
22830.645
22716.201
21995.517
22368.315
23470.933
23708.554
23151.368
21819.380
21496.867
22524.551
24411.269
23344.997
22986.235
23701.104
23184.949
23451.764
23896.306
24152.628
23258.797
22543.115
22329.901
22040.908
21935.170
21406.005
21317.768
21085.778
20450.120
20476.762
21263.864
21573.569
20981.328
22218.047
22525.740
22315.035
21643.066
21268.765
21654.384
21173.948
20826.330
20725.924
20443.274
20177.641
20426.034
21107.446
20726.957
20687.612
20590.778
20215.649
19458.915
19049.284
19198.021
19564.425
19134.840
19275.010
20669.337
21092.228
20582.037
19870.953
20723.665
21683.052
22249.154
22415.256
21776.766
21597.781
22031.946
21129.695
21639.344
21635.888
22229.357
22446.946
22297.410
21248.730
21270.686
20213.831
19722.659
20165.690
19288.060
20335.556
20987.845
20184.153
19981.374
18955.662
18591.972
19307.778
20028.746
18967.430
18065.382
18003.687
17537.654
17393.156
18450.332
18942.286
18866.750
18893.616
18286.459
18282.178
19024.859
18976.919
19101.742
18942.144
19858.665
20307.674
20315.622
