26409.016
25073.721
25414.262
25832.322
25870.800
25527.729
24294.564
23974.591
24089.477
24245.080
22879.816
22021.967
23306.974
23763.296
23308.015
22333.653
22017.829
21413.006
20739.074
20900.900
20683.654
21596.520
22122.419
22580.954
22762.940
24133.781
22203.420
22126.648
23372.590
23611.421
21268.314
20610.510
20547.787
20466.317
21221.453
21041.756
21170.958
21061.632
21011.537
20685.856
20973.889
21524.218
21583.679
20357.914
20918.063
20869.224
21698.992
21809.378
20627.998
21973.736
22755.179
22920.988
23055.172
24365.677
23276.311
23302.338
24062.142
23211.305
22730.744
23976.855
24664.972
23777.963
24636.029
25034.207
24470.012
24504.970
23782.121
23291.279
23098.213
23246.570
22473.685
24027.844
24918.033
23217.159
22464.425
21987.856
22367.025
22176.991
21654.586
21773.937
22050.416
21359.895
22116.324
22818.508
24229.176
24547.317
24107.799
24443.272
24599.863
23022.964
22219.094
22213.480
22423.872
22476.248
22929.007
23105.299
23235.373
23440.661
23954.950
24139.298
23697.277
24250.593
24421.404
25150.701
24960.263
23303.909
21990.888
21575.353
21898.874
21319.543
22180.686
21449.895
21550.992
22652.281
22272.551
22343.929
21188.890
20537.346
20630.193
20687.583
19834.924
19938.863
20052.014
19225.663
19863.106
21294.004
21824.095
20939.954
20667.842
20679.077
21343.135
21483.680
21179.774
22025.207
22238.440
21157.085
21681.752
22308.793
21633.570
21238.890
20697.420
20539.906
20830.668
22003.414
20803.516
20514.744
20939.600
19677.048
19798.937
20318.443
21113.054
22110.168
22547.723
21978.374
20500.317
19774.587
21118.436
21919.525
21539.256
22392.309
20338.239
20612.351
20067.059
19913.618
19641.402
19479.804
19706.873
19568.643
19281.742
19809.647
18922.948
19913.053
20850.250
20741.508
20933.184
21045.108
21766.938
21128.711
21246.804
22037.688
22154.441
21244.320
21422.965
21301.190
21780.665
21947.638
21335.989
21478.382
22047.228
20754.214
21169.787
20884.294
21172.215
21578.210
20438.683
19896.852
20369.293
20567.926
19971.201
19836.790
19362.836
20030.475
19361.789
19104.632
20093.159
21289.354
20663.327
20289.177
19274.471
18909.155
18952.907
19806.489
19705.454
19417.812
19326.269
19115.450
19551.872
19432.567
19999.934
20815.028
21467.501
21632.509
21024.633
19975.767
20941.012
21019.155
21033.282
21018.614
21693.554
21411.903
21101.723
20879.075
21009.361
20418.111
20313.730
20351.102
19973.868
20338.986
21796.469
21899.386
22487.090
21514.027
21345.394
20400.182
19575.879
20093.807
21296.918
21510.292
21666.784
22627.833
23168.436
24082.595
24912.578
24650.148
24182.808
25239.719
25075.574
24046.139
22214.917
21015.275
21843.496
22189.036
23237.675
21982.686
21519.309
22088.417
22143.422
22456.256
23226.798
23695.707
23928.828
25599.288
25831.676
25169.636
25069.098
24868.504
22524.852
21275.411
22289.321
25335.775
24667.368
23343.032
24483.981
23755.034
23624.938
23755.223
22502.858
21516.641
21886.758
22187.349
22469.496
23859.976
24023.699
22393.663
22636.267
22765.278
23717.394
23013.187
23413.677
23452.045
24283.896
24232.518
23817.362
25982.699
25668.989
26100.674
24254.888
23722.797
23219.756
24451.296
25807.743
25162.963
25369.638
25799.304
24958.984
25049.852
25453.600
25360.763
25477.333
25372.343
24891.929
25610.975
26621.646
27088.163
25979.023
25448.180
27006.706
26936.319
26385.593
25310.661
25738.743
26020.891
26893.971
25267.391
24719.818
24611.274
25789.887
25378.085
26901.117
27204.647
25954.957
24325.306
24690.055
26003.546
25045.792
23465.198
23607.347
22964.050
22712.175
22466.809
24162.663
25712.596
26840.684
26363.877
26216.287
26311.685
25686.112
23800.962
24801.649
27021.278
26998.743
25272.828
24543.248
23247.492
24337.655
