19096.018
19242.766
19375.703
20890.848
22236.846
22073.696
22239.085
21191.113
21417.067
21298.399
20796.267
22208.168
21086.498
20425.075
20582.383
20246.309
20362.357
20635.518
20109.930
19744.881
19728.665
22023.420
23704.154
22887.091
22301.156
22320.850
22353.548
22418.022
22743.503
21934.086
20564.729
21486.339
22937.498
21876.764
21265.323
20292.575
19265.032
18440.758
18712.572
18921.352
19272.621
20559.078
20761.526
21043.442
20739.341
20257.785
19109.989
19081.742
19560.255
19794.112
18941.177
19280.189
18754.546
19013.174
18761.783
19100.632
20828.326
21328.673
22082.961
22698.805
21383.904
20892.692
21864.672
21904.902
20773.046
20645.583
20405.601
21184.005
22586.109
22258.020
21833.429
21589.819
21490.278
21956.940
21220.867
20171.340
21458.630
22070.737
20912.968
23004.134
22805.422
20636.061
19914.551
21037.679
20483.796
20602.583
20885.654
21449.838
21893.909
22941.427
22155.223
22401.603
23766.825
22774.479
22908.946
24902.803
24698.635
24428.957
22828.058
23200.479
23007.120
23012.791
23591.025
23965.800
23558.464
22987.539
23106.763
24780.152
24434.627
23562.240
23702.235
23823.406
22096.849
20313.259
21022.692
20531.714
21179.905
21158.339
21197.471
20809.415
20735.483
21340.502
21941.671
20699.082
21009.041
21378.266
20889.088
20302.379
21040.588
21307.648
21204.093
21840.786
22365.044
20939.627
21597.388
22177.770
22397.576
22954.504
22823.826
21674.235
22615.872
22338.319
22088.052
22645.426
22193.262
21998.733
21294.952
20636.595
20366.898
20994.370
20894.461
22791.144
22086.438
21250.766
20187.441
19933.636
20031.172
19870.349
20461.978
19741.145
19926.024
20496.438
19853.427
19489.858
19140.592
19820.709
21118.201
20230.050
19870.259
20175.412
19827.724
21449.266
21710.862
21404.665
21750.157
21754.187
20999.363
20237.239
20250.181
20291.134
20436.668
20708.125
21371.721
21005.173
20012.873
19366.923
19517.897
20751.974
21840.463
21483.657
20599.646
20315.782
19515.092
20505.847
20742.319
20815.633
20089.752
19340.239
19823.420
20115.824
19785.757
20278.392
20153.337
19598.597
19126.182
19281.772
19649.261
19749.047
19653.165
19494.719
18976.675
18899.443
19739.869
20224.593
20707.170
20317.649
19851.529
19115.717
18609.906
18566.706
19119.954
18788.063
18333.257
18460.465
18167.938
18810.337
19123.338
19506.691
20553.033
20088.430
21180.306
20503.634
19838.743
20319.411
20882.586
20070.669
19222.023
18973.557
19113.836
19519.331
20717.853
21122.155
21527.538
21361.390
21482.693
22295.939
22261.841
22893.813
22730.841
23030.487
23190.495
23016.518
23450.653
24508.196
24194.849
23359.956
22970.031
23445.590
24051.580
23540.927
22627.640
22624.032
22997.622
22459.501
22127.545
22269.023
23434.560
23059.362
23335.989
24313.789
24730.328
25006.893
25875.937
25280.515
24377.886
25830.221
25003.643
23558.997
24336.344
26125.889
25188.927
24008.124
23659.744
24000.658
23952.170
23501.208
24401.664
24185.699
22702.917
22602.950
22528.604
22545.263
23877.503
24642.390
24953.020
23963.461
23242.411
23796.958
24706.876
24844.793
24524.626
24449.657
23661.595
23505.664
23406.901
23863.030
24006.725
24613.717
23785.211
23117.770
22052.673
23807.516
24141.773
23859.077
24169.132
23775.749
22173.873
22996.191
24914.560
24504.654
24664.590
24648.639
24602.837
23587.285
24422.168
25637.210
25178.255
25253.159
25169.588
24017.727
24588.220
25672.354
24693.545
23669.672
22941.686
22878.836
21712.775
21907.009
21369.871
21126.782
20655.809
20071.602
21173.893
22459.827
24396.599
23748.824
23360.038
23875.965
23864.755
24571.000
26015.232
24576.095
24767.039
22929.172
22548.892
21539.649
21505.483
21374.002
22149.133
23128.170
22872.885
24078.765
23315.834
22900.488
23434.946
23177.777
