23809.397
24920.708
25543.573
24392.913
25414.363
24466.549
24584.455
22896.301
22415.249
21926.774
22181.784
22927.000
23175.535
23752.639
23776.014
25934.701
26205.283
25395.886
26034.664
26343.073
25128.391
25349.382
24967.310
25003.403
23376.648
23054.899
23022.527
23194.583
22747.470
23637.969
24622.624
23476.170
23650.568
23903.732
23117.830
22826.559
22067.677
21875.542
22586.251
23618.276
23219.598
22965.278
22888.878
22591.125
23238.697
22223.038
21305.745
20525.369
20614.166
20567.346
21924.634
22748.743
23165.774
21921.163
21103.479
20441.558
20422.297
19551.066
19232.977
20249.592
21833.904
21994.251
20364.742
20121.172
20868.814
20455.064
22176.856
24395.048
24841.368
26112.134
26221.455
25061.715
23150.541
24075.055
23924.839
24000.273
22794.541
21786.195
22161.864
22389.489
22690.769
23638.380
23675.862
23734.506
23255.396
23871.361
23865.781
24774.197
24291.160
24405.744
22796.439
22332.466
22459.951
23276.837
23078.870
23666.718
23137.252
22136.144
22292.782
22191.247
22940.630
22624.934
22100.616
21639.460
21845.594
20700.346
20055.542
19653.750
21116.351
20989.198
20205.679
20203.405
20982.438
21856.402
21090.240
21089.645
20312.106
22883.437
23846.880
23491.839
22282.564
22384.329
21204.699
21718.592
21679.525
22858.206
23939.293
22394.529
23007.246
23342.904
22984.034
21784.362
21019.150
20892.536
20848.851
21029.459
20898.180
20741.956
22455.360
23803.797
22765.268
20706.533
20447.942
20249.917
20445.735
20806.393
20864.446
21926.715
21638.865
21896.021
21429.249
20437.345
20618.962
20793.918
21258.190
21360.955
21200.084
20678.163
20490.170
20535.215
21043.016
22013.363
21669.911
22479.507
22031.489
22383.743
21918.636
21928.823
22715.880
22991.319
22448.316
21942.341
21225.677
21608.021
21883.038
22045.246
22352.112
21045.655
21072.749
20603.897
19866.020
19603.558
19421.374
19714.703
20345.283
19830.902
20229.398
20295.670
20275.385
20097.088
19302.689
19123.023
19512.837
19478.314
19161.435
19132.142
19348.145
19528.270
19759.275
19760.780
19614.673
18394.214
18576.409
19534.352
19692.895
19563.684
19504.424
19892.273
20725.537
21731.820
21674.139
20385.266
19552.624
19074.312
19819.967
20575.521
21050.452
21695.246
21980.346
21581.122
20339.378
20018.911
20505.360
20644.671
20482.017
20174.166
20315.399
20916.578
20421.883
20013.322
20473.387
20702.507
19468.377
19760.783
20134.857
20554.906
21003.158
20986.905
21170.383
21015.792
20094.766
18863.737
19645.705
20155.907
20338.831
21851.379
23288.826
23338.933
23183.962
22448.030
22219.757
21939.601
21922.591
22385.670
23529.394
24519.949
23973.053
24290.095
24451.685
23802.409
23888.499
24421.489
24389.667
24238.939
23993.579
22912.831
23349.379
22918.225
23904.512
24170.831
23247.618
22916.240
22288.236
20597.621
21235.286
21564.750
20706.348
21583.668
22722.990
22831.639
22045.628
21890.667
23008.366
22493.729
22425.499
22859.747
23249.880
24153.579
24575.173
24358.215
24392.183
24835.100
23271.370
23442.197
23322.760
24071.029
23798.828
23408.278
22481.631
22637.463
23228.563
23908.982
26963.098
28496.372
26649.227
26120.895
25712.630
24344.814
25469.093
26946.876
27748.818
25417.976
24708.753
24103.617
23414.721
23162.422
23269.241
24238.179
24720.541
24420.154
23349.843
22796.640
24152.258
24193.190
22212.539
23733.734
23247.768
22095.485
21862.282
22735.128
24586.124
24090.099
22906.269
22698.155
21918.559
21355.754
22388.760
23186.622
23334.061
23278.959
22180.442
23342.370
23116.698
24487.359
25414.191
24875.646
24149.133
23543.776
23857.137
24575.262
24149.066
24097.659
23694.366
24056.591
24202.876
23626.276
23739.982
24977.273
23912.306
22265.508
22647.270
23056.212
24202.801
23633.361
23030.360
