22875.332
21447.234
21377.427
21690.352
22256.077
23599.679
24259.124
23770.469
22666.543
22534.432
23130.280
22677.811
21974.690
23187.148
23708.929
22979.414
23323.296
22821.406
23346.712
23667.394
24194.619
23545.540
23229.912
22827.486
22108.636
21174.392
20903.224
21763.436
22680.009
22945.539
23233.342
22088.001
22105.346
21840.479
21804.224
22316.987
22652.977
23509.290
22521.010
23505.536
23013.209
21083.797
20311.734
20463.841
19931.189
20235.399
19486.300
20095.620
20445.100
20717.277
19828.453
20559.118
20505.014
20483.243
20839.694
21711.405
21956.432
22236.484
22063.019
21559.594
20965.560
21300.588
21904.756
22388.051
21887.888
23426.749
24251.864
24392.403
23509.040
22696.630
21739.738
22416.424
22489.113
22805.004
22377.209
21242.290
21317.467
21660.021
21659.934
22586.974
23388.840
22196.236
22633.820
22656.539
23957.667
24567.617
24109.373
24484.691
23590.490
24011.792
23022.553
23036.883
23361.407
22420.670
22439.066
22301.862
22659.780
21880.224
21040.774
21428.169
22744.927
21109.651
19704.026
19636.283
19785.988
19147.386
18947.838
19590.333
20059.516
21653.206
22302.413
21847.346
21229.357
20597.188
20875.913
22202.714
22140.610
22860.223
23148.374
22749.024
20739.495
20088.588
19921.026
19476.178
20076.569
20207.344
20240.071
20064.200
19617.379
19732.583
19375.635
20066.587
20909.303
20784.734
19768.754
20221.999
20082.755
19334.957
19871.050
19727.141
19518.407
20892.237
21672.786
21635.240
21508.801
22017.525
21596.090
21131.948
21206.662
20571.463
20369.834
20116.868
19945.553
19840.272
19855.133
19803.426
20844.185
19595.413
19955.331
21386.427
20940.861
20774.246
20160.693
20306.516
18807.869
18982.568
19623.742
19295.179
19927.327
19915.905
19924.083
20607.632
20377.657
20506.200
19447.382
20084.390
21099.508
20297.246
20507.622
20311.951
21080.721
20719.989
21238.630
22221.566
20989.113
20069.837
20729.041
20345.919
19669.338
18646.685
18856.112
19779.774
19965.386
19644.369
19415.460
18671.062
18972.195
20021.135
20769.278
20181.473
19775.830
19935.208
19279.759
19466.912
19551.048
19605.309
19505.843
18753.684
18875.642
19285.489
20483.726
20365.314
20385.128
20259.105
20276.411
20426.165
21221.971
20928.924
20161.078
20492.978
20984.400
21629.439
22299.868
22927.895
21583.901
21573.652
20734.088
20354.041
19513.531
19986.357
20725.867
19903.253
19874.806
20547.162
20704.304
20768.287
20392.442
21156.042
21643.554
22176.710
22531.225
24207.367
23675.640
23734.519
23577.646
23619.122
23995.112
24360.717
23780.693
24052.170
23116.060
23088.557
23184.970
24139.379
25016.789
23065.887
24045.042
23806.796
23546.419
21662.339
20753.349
20341.601
19955.038
20949.369
22325.277
23947.684
23189.139
23448.304
24050.669
22950.247
23712.676
23381.827
23427.147
23351.981
23130.839
23758.305
22916.358
23225.188
23795.242
24795.368
25376.161
24845.378
23886.747
22890.625
23563.426
23536.171
23701.430
23044.533
22529.327
22577.823
21903.668
21878.454
22972.516
23009.605
22739.418
22285.467
22146.501
22324.369
21590.904
21445.460
21696.189
21014.699
21532.632
22366.525
22616.232
23842.888
24192.157
23876.092
24532.464
24417.437
23622.702
24336.201
25538.076
26671.941
24504.934
23545.075
23779.313
24389.383
24187.631
24697.257
24593.779
22921.678
23121.509
23229.666
23594.796
23385.559
23964.199
24633.520
23717.286
23538.295
23759.565
23725.805
25520.284
25236.568
25690.899
23645.447
23889.652
24234.150
22855.733
22739.524
24698.776
25447.448
24553.636
23505.331
23341.425
24739.023
26303.237
27833.026
26960.055
26345.032
26424.112
27093.788
27761.630
25702.098
23255.760
23909.470
24488.323
24350.961
22673.248
22631.716
22844.907
24551.634
22671.839
22838.667
22610.490
