20453.600
21646.084
22215.907
22222.008
22303.200
22722.074
23515.854
23284.191
24300.030
23430.968
22661.956
22634.862
23834.014
24452.455
24786.085
23661.569
23461.319
23017.630
21810.980
21111.906
22470.484
23527.603
25027.148
24124.866
23804.347
23308.082
22658.116
22335.056
23382.999
24435.918
23282.142
23578.915
24506.364
24130.062
24627.284
25093.111
23746.716
23971.973
24559.751
24538.531
24798.769
23572.492
23665.634
24504.041
25617.734
26050.566
25759.082
25396.068
24554.751
24046.168
23571.688
23686.543
23860.363
24754.157
23972.223
25032.764
26770.998
23309.910
23087.545
22992.882
23434.776
22904.160
22682.176
23165.549
23529.688
23511.509
23287.313
23616.028
23757.896
23062.016
22528.852
21921.212
21008.424
20517.070
20785.282
20735.953
21050.216
20265.767
20214.965
21243.462
20417.846
19677.641
19528.783
20271.292
19902.814
20772.752
20548.651
20937.292
20827.510
21601.574
20245.631
20747.354
20757.444
21648.963
21492.021
20336.308
20514.069
20876.689
23000.599
23741.109
23066.795
23928.549
24290.172
23921.723
22793.092
21901.968
21495.129
21956.177
20609.812
20769.852
21687.337
21457.052
20432.849
20963.639
22006.024
21763.812
21566.421
21366.435
22112.748
22722.712
21443.531
20458.596
21306.995
21793.619
21796.569
21826.235
21845.416
21797.142
22098.676
21840.236
21015.490
21923.763
21864.893
21079.568
21125.803
21274.781
23921.035
24171.076
23639.589
23660.922
23309.548
21937.336
20835.361
22092.579
22625.898
22568.412
22220.157
21735.024
21223.812
20725.591
19737.297
19602.611
19234.735
19121.887
20060.070
19754.289
20372.018
21112.832
21154.920
21157.218
20458.675
20354.327
19267.087
19626.911
20867.877
20789.113
20715.584
20841.687
20113.106
20462.877
21656.650
20577.564
19316.003
18840.845
19216.976
20314.144
20627.098
19498.046
19449.566
18994.524
17984.287
16650.969
16372.436
16414.519
17275.080
18184.768
19580.415
20428.821
20764.779
21750.182
22635.364
22999.316
22055.157
21074.039
20564.093
21337.772
22121.056
22439.168
22042.678
21263.784
21053.600
20775.052
21337.430
22075.435
21075.718
20545.143
21257.101
21212.597
20860.184
21068.148
20846.018
20465.211
20707.168
21109.943
20964.078
19999.460
19806.883
19626.309
19163.954
19387.028
19514.053
19017.942
19352.738
18866.211
19010.952
19229.006
18691.960
17704.241
18047.494
18728.567
19839.252
19321.194
19134.531
20109.585
20401.441
20316.481
20899.765
21286.045
21832.580
22749.817
22554.939
22069.900
22264.504
22178.450
23065.134
24508.784
24149.918
22347.771
21777.680
20621.396
19721.999
20520.227
20978.067
21498.220
21631.988
20873.457
20927.995
21168.614
21894.091
21937.617
22111.464
22289.639
22591.350
22847.103
22317.466
23669.867
23912.972
23618.166
22887.990
21691.963
21741.803
22209.707
21537.816
21605.260
22159.733
22248.821
22603.897
22939.538
23312.290
24067.276
22882.458
22616.246
23518.292
21893.239
21742.803
21890.394
22222.189
22641.611
23031.912
22135.029
23279.171
23391.916
23642.591
23533.869
22493.916
23042.254
22890.729
22997.900
23826.976
25186.266
24835.333
23621.817
21308.519
21371.528
21291.139
20661.870
20515.933
21747.398
22336.702
23641.262
24615.937
25004.720
22983.281
23055.175
23249.904
23875.791
24838.923
23324.506
21935.622
22134.751
22327.158
22479.189
21556.001
22128.853
22448.860
23470.926
23773.523
22455.905
21728.804
22880.532
22557.249
22882.798
22997.171
24693.325
24408.788
25757.010
25966.442
25996.498
25689.136
25254.404
24642.859
25066.689
25075.419
24120.508
23548.321
23174.235
24057.156
25601.292
25047.993
25011.556
24535.672
27123.345
26750.107
24364.831
25063.945
25206.913
24423.963
22984.246
22923.885
22828.387
23565.024
23661.103
22942.417
23677.397
23354.640
