24982.498
23723.360
22451.668
21872.867
21084.531
21609.141
22284.596
22528.856
21755.618
22752.350
22819.146
21866.214
20623.502
20852.657
22034.390
22526.255
22696.967
21869.149
21773.198
20366.627
19289.509
19881.490
21376.761
21108.272
20072.413
20097.531
20813.736
20392.099
21766.309
22361.875
20908.778
19753.170
20164.935
21630.109
22570.054
24540.552
25489.505
25488.766
22658.195
21465.429
22251.819
22839.311
22004.562
23041.327
23938.940
24087.958
24386.285
23394.163
22797.205
21842.844
23074.812
22026.189
21111.544
21369.897
21239.843
20432.289
21207.748
20819.032
21501.193
21471.201
21512.474
20776.051
20383.200
20378.796
20196.880
20540.723
22255.192
21828.486
22056.645
21787.088
20842.867
20989.816
21794.688
21651.761
21273.498
22270.789
22137.540
19721.189
20084.282
20509.651
20503.790
20408.900
20766.759
19542.723
20180.501
21080.864
21704.011
21069.540
20021.662
19613.826
19604.245
19006.286
18873.048
18506.338
19482.401
19314.454
18656.365
18780.625
18904.639
18965.266
21126.350
22190.926
22381.439
22144.637
22485.305
23049.849
22687.390
22683.357
21692.452
21923.121
22335.781
22889.069
23403.083
23735.074
22954.078
22686.587
22023.436
21530.732
21391.384
21942.511
22085.976
20528.312
21000.969
20169.076
20065.222
19882.311
19748.548
19046.724
19209.038
21122.030
21702.886
20503.250
20495.283
19686.654
19335.591
20359.765
22821.003
22588.636
21222.184
21298.385
21329.195
19136.587
19587.466
20465.252
20383.070
20978.056
21591.844
21864.096
21876.058
22333.092
21588.465
21753.593
21748.606
21280.778
21365.464
20968.522
20845.746
22135.862
22653.871
21773.293
20677.132
19338.949
19241.407
19211.666
18908.551
18054.929
18137.732
18600.070
19428.531
20230.541
19826.212
20462.068
21483.687
21103.565
20885.406
21725.455
22512.698
21629.843
20869.233
21729.648
22007.606
22245.292
21407.713
21009.157
20459.184
20405.911
20147.638
19497.106
19896.632
20294.701
19883.670
20782.974
21032.783
20835.327
21070.342
20194.741
18959.700
18229.077
17779.149
17512.961
17195.249
17629.705
18088.780
18905.527
19773.503
19927.088
19123.772
18790.901
18278.509
18473.764
18641.949
19284.154
19423.268
20069.530
20764.016
21722.441
21079.705
19767.908
20240.845
20401.964
19507.445
19318.454
19395.662
19684.484
19585.077
19241.748
19695.986
19281.088
19610.517
19689.182
20332.462
21426.393
21395.414
21453.761
21184.899
21573.093
22186.943
21551.052
20608.427
20050.013
20941.666
20190.423
21125.547
20985.608
21319.544
22187.803
21321.294
20888.799
21225.919
21160.939
21190.167
21429.477
21082.869
20553.732
21143.474
21006.253
20908.870
21560.307
20972.217
21151.655
20946.383
21174.462
21608.996
22009.216
22101.629
22140.354
21855.327
22384.663
24651.206
24257.774
23450.762
23396.842
24032.807
25505.339
25291.170
24025.316
22799.528
22240.740
22268.717
23431.940
22565.944
22925.783
22723.373
22397.681
22227.598
22681.501
22436.435
22381.033
22338.450
23822.528
23489.228
23921.108
22902.376
23430.105
24356.940
23121.837
22974.826
23776.883
23911.580
24210.959
24902.570
23731.897
23389.162
23847.298
23108.164
23766.250
24381.062
24774.872
25919.982
25715.834
24711.663
25800.230
27123.329
28631.844
27359.827
24991.166
26296.903
26052.914
26325.392
25066.622
24652.294
25485.317
24664.238
24111.964
22421.758
21216.238
21638.073
22048.297
22362.901
22571.313
21694.774
22853.997
23659.476
23117.696
23485.956
24902.854
24080.544
23726.905
24200.735
25689.113
24631.921
24800.359
25442.261
25666.469
24253.643
23750.171
23871.811
23470.913
22985.173
23104.310
23686.312
22392.834
22785.020
25075.337
25942.823
25180.030
24979.373
24942.307
24290.473
22936.398
23462.722
23667.719
23949.596
22910.920
22273.609
21192.887
