21020.542
20908.148
20336.757
20590.521
19639.699
21107.783
21682.462
20228.392
20789.829
19896.276
19559.158
21092.873
21357.306
21143.734
21619.856
22843.526
21867.032
20632.754
20605.582
21418.248
20230.540
19426.995
19858.149
19233.585
20715.980
21876.215
21089.395
20310.192
21272.741
21918.382
22107.845
21905.707
22104.182
22400.391
24058.523
25576.199
24358.468
23725.393
22926.860
22180.409
22519.265
23460.081
24089.365
25231.339
24366.858
22685.689
21767.651
21708.809
22890.503
22964.886
22673.274
24109.848
22809.899
20710.939
20871.971
22761.317
23446.103
22132.332
21842.350
21412.956
21222.501
19683.921
20491.717
22655.346
24050.620
24528.247
23584.626
23156.136
23121.215
23960.790
23159.526
21321.796
21583.469
22011.994
21767.230
21541.490
23075.658
23382.257
24605.304
25219.607
24722.596
23100.972
21664.099
21231.418
21870.988
22596.567
21939.544
21725.165
22667.659
23556.344
22898.209
22448.511
23647.794
24201.363
24685.609
25777.665
25195.157
21718.283
20257.532
20162.026
21047.410
22173.925
21706.856
21409.117
20943.094
21025.806
21737.726
20418.784
20542.207
21518.922
21596.802
21850.481
21372.468
22435.994
23513.894
22615.521
22285.642
20926.514
22436.422
21164.114
20937.856
22414.587
21887.778
21389.779
21350.464
21016.108
21331.202
20482.470
20520.575
21430.555
21721.917
21568.353
21135.078
21753.999
21924.435
23026.565
23772.724
23442.278
23139.927
22671.944
22502.176
21990.552
21071.408
20678.644
21627.620
22667.762
24109.783
25089.235
23871.557
22383.726
21217.808
20600.824
19821.501
19535.593
18709.402
17794.642
17411.197
17895.222
17746.619
17824.186
17929.278
17733.127
18744.398
19452.740
19187.646
20581.642
21287.918
20156.503
20944.634
20230.593
20099.741
20504.363
20405.559
20077.018
20670.036
21177.949
21148.452
20670.472
20337.570
20067.327
20865.363
20920.369
20075.085
19541.031
18828.691
19137.162
19134.199
18619.322
18653.104
19190.025
19177.715
18990.438
18130.394
18410.302
19256.075
20392.933
20909.441
20981.275
20237.192
19075.459
19030.952
18109.637
18524.631
19282.056
19277.187
19500.405
20426.302
19904.544
18997.779
18825.263
17341.687
17315.209
17833.192
17614.920
18438.798
18260.431
17812.020
17984.592
18286.232
18919.345
18976.132
18877.085
18838.192
17866.745
19007.357
19078.745
20229.246
21300.335
22140.470
22379.423
22581.167
22184.530
21618.477
21825.851
21429.540
21062.351
20817.132
20305.066
20518.054
21130.916
21950.975
21888.650
22367.385
22099.582
22648.537
23458.141
23245.584
24230.263
26592.226
27009.782
25994.960
25716.893
25479.583
23222.112
22637.778
22748.829
22608.174
22631.494
23079.616
23500.087
24866.240
24270.762
24850.932
25095.547
24726.217
24891.176
25793.076
23963.572
22719.102
23640.516
23775.329
23582.625
23405.440
24106.948
25975.842
24624.478
24996.596
24537.871
24313.849
23986.712
24272.030
25223.273
24622.030
23246.135
22255.083
22846.098
24300.058
25206.347
24825.663
24910.995
23762.043
23207.150
22980.326
23180.264
24161.424
22692.225
21116.636
21855.136
22628.424
23070.270
22625.474
22754.505
23056.613
22527.195
22454.896
23066.796
22141.891
22284.707
23117.608
22864.423
22276.136
23752.015
25439.198
25079.729
24075.868
24299.154
24639.787
23928.792
23655.891
23377.664
23432.768
24304.069
24102.105
23868.834
24153.124
25554.536
25663.714
25730.211
25106.499
26140.093
26691.370
26166.465
26555.739
26297.691
26754.803
27214.635
26058.148
25447.401
26917.920
26396.771
26124.289
25394.435
24225.732
24330.311
24882.551
24349.309
23917.871
23937.780
24399.971
25510.384
24236.839
23434.418
24945.061
25756.144
23717.617
24203.551
23259.503
24586.449
25720.593
24238.264
23635.053
24244.497
25170.660
22734.734
21630.325
