24055.185
23983.528
23605.295
22772.851
22771.470
22389.559
22403.109
23301.286
22787.562
22468.692
22019.161
23409.135
24784.651
24908.141
25064.084
25314.350
23641.764
22614.834
23436.131
23861.227
23373.231
23472.862
24917.382
25357.118
24646.204
23793.838
23973.902
24859.908
25453.079
24922.593
24879.845
25272.307
24921.615
23576.367
23156.144
23076.835
23199.998
23028.067
23505.663
22732.382
22122.022
23212.271
24297.496
25064.745
24318.992
25055.262
23354.449
23492.643
22999.052
21861.408
21703.695
22857.785
22707.239
23193.998
22831.837
21075.920
21822.000
21489.561
22077.567
23223.324
22963.982
22822.019
22195.141
22363.132
21258.930
21207.388
22583.368
22827.589
23489.371
24675.036
24599.559
22656.489
23458.457
24396.658
25477.169
24510.655
22198.164
22609.372
22372.356
22424.399
21907.874
21342.341
21934.413
22369.149
21110.737
21149.176
20658.322
21622.091
20845.872
20450.418
20938.835
21097.970
20373.731
19948.502
19835.661
19678.857
20138.848
20876.118
21986.512
21889.031
21889.187
21619.397
21693.398
22261.702
22876.773
23017.605
21597.572
22134.740
21544.693
21593.213
21831.152
22428.054
21866.286
22270.514
22044.362
23074.938
23885.850
22535.726
21260.693
20739.720
20847.971
20620.270
20913.254
21315.407
21333.157
20959.810
21126.126
21571.996
21555.522
21985.312
21758.587
22107.771
22707.216
21810.803
21667.710
21392.894
21484.846
20161.265
19049.134
19521.503
18750.047
17843.827
19125.247
19686.650
19060.579
19607.012
19980.589
20178.414
20487.820
20320.538
20389.802
20722.821
20520.431
20194.561
20186.439
19684.067
18245.598
18538.862
18847.608
19072.257
18314.596
19168.602
19662.891
18981.228
20035.845
20341.067
19854.982
18850.863
19025.715
18510.878
18373.432
19006.336
18062.902
18484.331
19844.329
20130.807
20387.947
21161.736
21151.763
20439.424
20221.265
19244.969
20271.150
20415.599
20153.674
20526.764
20061.569
19642.516
19224.390
19315.286
19451.864
19706.958
20402.403
19559.911
18724.898
18992.392
19859.246
19529.966
20278.349
20105.545
20295.474
20313.917
20474.654
19975.953
19216.225
19926.026
19230.237
19127.761
18429.649
18414.540
17882.423
18815.799
18918.825
19399.041
19461.745
19022.311
19500.204
20295.363
21377.892
21788.386
21592.568
21884.644
22298.843
22684.570
22103.557
21511.316
21389.730
21370.813
20974.649
21340.269
21773.867
20732.130
19751.994
19359.520
18663.550
19905.083
22110.045
20707.974
19817.230
19379.015
20508.908
20842.011
21146.432
20878.864
20196.920
20149.728
20066.165
20692.876
20606.048
21399.348
21299.475
22120.733
21593.587
21047.748
20862.746
21151.515
22298.768
22151.855
21162.551
21350.973
21760.804
22335.447
22906.593
23650.031
23524.825
24573.400
25057.919
24338.807
24050.496
24861.902
24927.424
23568.911
23885.160
23399.749
23677.881
23514.644
24740.591
25840.600
25733.123
23363.436
23634.259
23503.771
23310.097
24666.942
25202.024
25311.897
24898.380
25053.216
25219.254
24508.067
24364.061
24577.844
23322.448
24022.627
24483.882
23895.592
23961.949
23815.596
24206.464
23209.299
22858.039
22816.226
22828.477
23008.515
22566.072
23434.725
24140.912
26079.697
26045.747
25337.184
24867.352
25057.082
25086.349
25055.322
23950.696
23018.021
23488.581
23165.350
23095.460
21864.914
21765.189
22471.823
23496.507
24404.755
23472.918
22341.973
22908.574
23263.554
24120.102
24452.395
22714.220
22593.769
22168.465
22605.670
22476.939
23044.806
23018.613
22935.099
22867.638
24019.167
24578.851
24018.845
23676.860
23901.163
23294.945
22595.705
22883.882
23875.406
23527.036
23391.230
23075.911
22724.040
22754.011
23766.385
25825.467
27110.123
25134.572
24506.284
23680.249
23723.374
23824.086
23692.743
23879.611
24272.582
27161.291
