23232.344
22625.747
22236.698
22118.658
23349.004
22037.908
22286.499
22358.989
21694.416
22679.737
23372.357
22509.581
24129.027
25575.532
23884.080
23091.114
22851.949
23437.398
25675.003
25503.413
24408.941
24356.162
23572.451
23081.794
22702.333
23614.948
23961.465
23717.035
22216.258
23245.605
23526.843
24046.714
23299.638
21513.217
23267.035
24168.340
23825.364
22910.759
22090.266
22281.983
21261.001
21730.450
22590.670
21312.797
21882.992
22549.441
22617.988
21466.774
21641.615
21480.947
20934.816
21257.517
21558.458
21218.087
20898.616
21103.682
23115.865
23605.844
23394.506
22450.975
23101.091
22998.777
22008.150
21951.944
21708.848
22023.162
22445.229
19794.906
19190.145
18670.896
19985.776
21025.732
21930.120
22587.287
20833.066
20989.048
21935.179
21469.718
20761.305
20943.150
21048.832
20800.179
20719.096
22012.014
22629.631
23131.504
24636.818
24640.968
24539.346
24871.841
25583.391
25011.538
24261.818
23790.737
23243.232
21679.806
21171.562
20888.114
21219.588
21227.689
21438.334
21461.329
22720.173
22640.215
22276.545
23245.440
23353.426
22055.878
22126.149
22484.713
23240.280
22361.526
21659.645
22348.888
23767.650
24234.691
25083.248
24326.880
23229.520
23793.709
23476.952
23312.216
23216.309
22491.557
21418.923
22260.245
22383.395
22376.304
22320.526
22890.187
22704.387
21288.725
20797.837
20027.325
20386.786
21130.500
21048.137
20026.854
19384.532
19317.702
19840.482
19198.380
20043.721
20343.023
19922.875
19661.783
19242.142
20008.529
20991.148
21157.848
20728.692
20825.915
21664.692
21236.072
21737.008
21905.259
21590.328
21418.616
21571.271
22130.823
22358.633
22429.538
21576.062
21011.965
20908.699
20334.691
20707.391
21202.582
21966.709
22692.798
22022.765
20546.099
20669.896
20845.801
19901.495
19735.595
20844.810
21312.004
20071.673
20631.413
20143.919
19959.270
19906.664
19004.056
18901.954
20053.803
19876.792
19627.979
19794.764
20669.077
20554.069
21090.702
21433.594
22275.227
22799.966
22844.269
21936.476
21919.199
21409.405
20843.982
19488.354
18907.751
19646.016
19905.272
20365.761
20268.034
19022.646
18660.826
18719.914
19512.676
20185.975
19461.828
19982.111
20602.655
20575.747
21002.290
20741.352
20909.714
20078.034
20853.455
20553.341
20434.028
20086.588
20045.071
20515.135
20542.744
20560.232
20106.774
19591.291
19173.111
19121.406
19459.546
20081.757
20664.210
20081.571
20889.571
21511.945
22344.339
22872.779
22445.106
21140.912
21399.354
22010.696
21187.785
21217.008
21754.141
21972.277
20765.613
20868.239
20853.717
21777.040
21736.617
22373.819
21525.554
22305.223
22788.639
23403.407
24425.475
25451.583
25102.351
24048.954
23635.301
23969.725
23131.598
23114.818
22378.831
22758.668
22841.314
23170.802
23946.932
23946.164
23320.369
23056.716
24144.913
24446.482
24092.138
24995.157
24979.741
24135.089
22582.383
21916.515
22801.190
23320.978
23528.903
24317.236
25306.900
24631.033
23963.510
23672.478
23124.345
22936.334
22537.571
22665.443
23100.422
23478.055
24228.838
25495.060
25783.476
24434.473
24087.666
24224.820
24565.566
24311.179
24355.462
23728.991
23680.492
22975.748
23216.059
23316.812
23581.285
24303.374
24624.578
23400.051
23202.796
22834.953
22192.561
22851.086
23145.158
24213.704
23153.316
23230.501
24577.360
25791.607
24857.579
23521.717
22990.015
21624.933
21514.613
22331.620
22457.758
23027.440
22611.315
24707.098
24552.428
24831.320
24503.915
25654.077
24862.670
23420.554
23688.785
22400.590
23854.916
26441.120
26290.977
24714.326
23168.777
22237.869
22378.299
24697.341
25200.411
23427.360
23814.878
25264.102
27035.065
25408.332
24358.657
23417.386
25276.540
26317.142
25759.598
25854.844
25227.301
24330.820
24309.898
