22299.117
22094.480
23309.036
21464.833
20419.839
21860.779
23649.159
23507.478
23188.560
22643.205
22052.447
21326.331
19974.797
20895.772
22091.047
22185.630
21525.701
20755.463
22812.850
22344.404
22287.351
22230.973
21669.178
23457.187
24437.412
23707.035
24893.287
24310.537
24596.337
26253.324
26178.272
26503.562
27184.194
25406.983
23344.880
23395.349
23527.252
23828.897
23299.595
22969.677
24209.964
23608.392
23629.651
23485.807
23244.511
23215.684
23271.781
23683.327
23367.659
23066.555
23831.171
23910.807
23786.617
24233.383
23644.913
23114.083
21723.201
20998.093
20980.416
22122.691
23766.023
23750.264
23975.812
25121.254
25412.660
25445.619
24783.342
25442.159
25330.891
24476.830
23720.601
22167.055
21710.522
21641.667
22286.171
23178.066
23904.326
24354.338
24637.821
23644.594
22887.072
22530.952
22879.065
22574.463
22581.563
22844.598
24189.292
25721.939
24426.379
23220.871
23280.252
21960.259
21620.872
22412.261
22899.930
22238.617
20612.137
20471.228
20727.814
20813.137
21816.130
22305.558
21799.070
21460.689
21771.944
21508.564
22076.233
21554.650
21257.296
22629.132
21989.338
22442.632
21489.083
21380.164
22181.026
21763.056
21687.058
21969.309
22237.249
21926.282
22137.904
21540.346
20796.281
20836.482
21815.891
22064.332
21582.515
20822.568
20176.292
20333.362
20211.761
20565.789
20785.698
20278.017
20066.117
20651.627
20680.863
21550.097
22227.174
22775.516
22360.933
22879.626
22410.862
20447.846
19904.588
20509.759
21971.677
22300.654
21463.116
20519.026
21395.753
21554.471
21333.570
22361.409
22709.505
22827.863
22940.531
22916.755
22840.890
22361.130
22076.636
21544.720
20597.990
20723.864
21183.164
20674.314
20682.326
22304.139
22037.324
21615.418
21269.000
21028.524
21485.223
22142.093
22138.545
21909.472
21451.687
21667.254
21024.101
21273.535
20746.919
21541.764
21584.738
20614.558
20012.177
20697.561
20075.095
19582.960
19215.794
18410.508
18469.218
19577.946
19872.078
19938.021
19716.151
19380.447
18491.088
18816.516
18776.032
18048.922
18645.187
18903.710
19774.148
20469.818
20704.855
20793.093
20712.806
20417.567
20204.796
19353.467
19105.302
18556.928
18465.607
18833.373
18952.255
19162.837
18905.899
19161.680
20243.222
20843.838
21751.199
21812.494
21342.223
20221.096
20235.483
21001.053
20498.664
17887.622
17411.798
17778.668
17764.370
18877.390
19914.454
20755.988
20911.980
20102.180
20250.135
20058.861
20895.250
21679.153
21732.963
21976.987
23669.316
24898.396
23090.773
22163.548
21148.341
22156.318
22041.664
22339.805
22167.222
22137.549
22998.664
23016.917
22929.913
22407.502
21312.892
22017.063
21861.100
21771.074
22269.555
22594.607
23144.684
22886.191
23288.578
22882.667
22067.709
21764.650
21679.570
22487.820
22414.253
22171.601
22949.344
22535.999
22394.081
22978.319
23142.181
22878.728
22937.071
22699.715
23562.086
23337.692
22378.158
23372.871
24606.843
24621.215
24555.709
24735.412
24534.978
24468.547
24320.090
24723.015
24056.038
23425.294
21264.974
21944.188
22044.677
21976.267
22404.705
22047.264
23274.561
23553.235
23459.848
23517.242
23700.136
22981.777
24216.998
25385.270
25844.156
26148.806
25195.514
23908.662
25022.868
24204.317
23177.321
23250.598
24799.669
25187.054
24564.859
23218.764
25316.047
25738.366
25784.960
25320.922
24243.886
24052.761
24727.558
24710.444
24016.806
23329.710
22985.269
23128.556
24261.437
24572.650
24777.925
23645.327
22086.358
22116.918
22286.439
22733.533
23248.797
22770.321
23851.729
25365.491
23960.045
23233.474
22528.720
22185.931
22186.134
22452.834
21368.376
20353.690
21268.245
22945.037
22984.316
22847.017
23527.526
23171.713
22638.973
21032.654
21894.304
23400.586
22209.687
21627.804
22976.190
