24730.285
23497.969
22703.996
23191.177
22805.092
23497.729
23576.446
22829.494
22405.164
22482.749
21781.905
21543.703
21884.123
20743.577
21613.231
22697.388
22174.121
22298.801
23334.710
23839.824
23689.751
23363.649
21279.503
19997.067
20953.448
21450.695
20704.901
21355.698
21195.955
22642.421
21961.109
21193.084
20175.554
20632.627
20185.114
18957.212
20533.569
22071.484
21957.025
20909.017
21246.573
22248.106
21677.064
21181.002
20929.246
21364.923
23207.406
22856.930
22280.091
22693.975
23345.650
21819.444
21331.888
21393.458
20951.893
20735.098
19888.484
19621.499
20253.134
21664.428
21981.744
22720.168
21596.378
21231.794
23525.531
22663.004
22529.872
21937.134
22352.102
21312.766
20646.156
21418.071
21119.350
20615.197
20091.138
19220.736
19847.700
20355.996
21733.722
22436.106
21921.255
20905.402
20929.854
21694.330
21604.981
21844.439
21970.216
21959.888
23435.654
23951.668
24927.141
24237.096
23050.711
22515.582
23429.170
23038.728
23387.772
23815.492
22375.963
22205.984
22298.151
21152.685
21429.566
22000.161
22758.317
23102.343
23910.015
22328.211
21534.863
22135.920
22438.669
22133.684
21845.076
21979.690
21923.008
21810.838
21196.065
21321.542
21155.122
21456.969
21202.095
22691.935
21997.747
21508.782
23005.909
22741.759
21515.284
20827.918
20184.824
21243.741
20955.032
20614.890
20617.562
21343.061
20776.500
19935.495
19495.936
20242.425
19712.557
20537.555
21617.952
21993.030
21965.518
22743.534
22176.876
20106.358
20697.115
19757.413
20197.520
20933.665
21263.971
20132.398
18703.295
18842.014
20622.197
21225.482
21147.490
20231.574
20631.049
19824.573
19802.131
20757.649
20055.024
20331.641
19828.366
20106.834
21300.899
21356.055
21713.825
22552.803
22259.021
20628.862
20622.473
21997.540
21236.914
20838.655
21207.519
21459.210
20224.580
18914.060
18658.116
19226.139
19770.597
19754.948
18928.634
17731.822
18135.522
18740.589
18799.839
19561.187
20993.864
21848.540
21941.987
19986.926
19787.451
19611.172
19254.481
19380.090
19881.451
18950.536
19283.274
20409.099
20414.077
20001.005
19871.801
20321.495
20263.978
20386.550
19457.586
18985.688
19211.770
20786.691
19885.843
20554.131
20516.974
20266.552
19831.192
19202.983
19444.549
19561.529
20599.237
20458.188
21288.860
21859.744
20942.870
20867.873
21575.851
21133.998
20989.791
20390.361
20405.704
20805.454
21224.401
21054.094
20640.340
20834.709
21785.816
21969.514
21943.975
21123.490
21235.519
21997.471
22321.848
22894.048
22323.768
21808.318
22504.209
24301.147
24864.640
24592.528
24993.034
24915.134
24720.126
23994.538
24644.057
22602.043
23018.709
22911.448
22891.618
21574.579
22345.642
23676.551
23937.374
24560.144
24571.596
22960.578
23188.072
23784.146
23177.340
22963.916
22439.347
21909.684
22677.905
23038.855
24957.403
25359.640
24174.977
23888.400
23800.519
23730.116
23419.400
23935.242
23613.285
24521.648
24706.501
24692.885
23718.495
23682.697
24648.722
25559.767
25072.187
23211.390
23466.539
25024.470
24596.891
24210.219
25149.491
27578.159
28544.151
28274.652
27834.356
26953.683
26583.396
24479.308
23831.979
23498.532
23386.492
24084.599
25326.467
24134.315
25099.325
24192.920
24537.814
24683.475
24475.716
24384.654
23926.047
23099.140
23807.996
24743.348
24305.525
25228.713
25078.879
24335.506
24728.504
24835.291
26342.670
26458.496
26103.608
24553.691
23908.477
24297.854
25503.669
25839.437
25582.861
24849.042
24086.187
23411.977
23447.189
24004.151
23989.342
23605.957
23129.499
23056.941
23354.622
24175.931
23757.336
24075.485
24154.614
24545.269
25138.900
24131.713
23844.546
24245.111
24268.030
24337.640
24453.330
23215.336
22164.004
22271.687
22962.356
23998.112
25349.612
24544.477
25127.432
