21604.573
23020.974
23856.668
22966.817
22181.209
22633.981
21639.849
21485.226
21453.596
21437.721
21168.522
20956.465
21734.224
22068.425
22016.499
22124.952
22203.693
20907.896
20165.892
20245.190
20951.902
21242.450
22455.844
21084.334
20655.187
19687.113
20477.955
21882.233
21977.560
22792.482
23781.296
25208.585
23987.286
23513.712
22162.802
20932.941
22786.115
22544.806
21838.927
21608.944
21391.959
21288.205
21134.959
22068.133
22664.878
23527.763
23932.670
24091.594
23198.432
22847.536
22074.079
22135.534
22488.678
23992.421
23947.807
22478.934
22671.639
23500.426
24141.145
23827.570
23283.795
23185.901
24546.792
23852.508
24398.170
24897.416
25239.272
24059.664
23048.016
22951.263
23982.194
23593.922
22644.990
22162.078
22765.233
23130.230
22740.943
23543.090
22952.809
22886.116
22449.362
22507.728
23281.523
23348.427
23441.437
23337.559
22899.754
22801.277
22767.635
23260.097
23189.994
24142.778
24867.505
24281.119
24052.724
22706.779
21809.365
21966.600
22329.482
23734.244
24064.871
23800.685
23662.638
22493.785
22531.189
22519.725
22784.832
22147.377
22837.873
23901.830
23086.220
20914.716
21516.573
22943.726
24053.574
22811.720
22689.604
22184.160
21670.399
22086.938
21532.868
21628.430
21578.771
21674.738
21696.766
21950.244
22151.290
23015.468
22444.424
21945.957
21790.965
21921.481
20816.448
19885.085
20615.075
22202.841
22518.949
20814.325
19452.087
19244.556
19140.237
18848.594
18851.914
18720.092
19903.591
20126.275
20287.972
19326.203
19856.344
20657.703
21070.650
22004.728
21238.570
21930.210
22290.205
22486.182
21667.140
21590.517
22912.520
21655.490
21164.628
21778.535
21121.552
21302.693
21459.382
21653.014
21487.955
20907.036
20588.851
21080.010
20749.360
20466.244
21205.947
21713.936
21722.071
20477.548
19181.721
19346.088
19553.753
19262.871
19438.001
19586.500
19119.971
19501.529
19335.574
18758.576
19315.676
19069.539
18973.403
19947.196
20306.343
20486.602
20213.536
20629.873
20734.909
21000.674
21507.277
21135.477
20450.599
21190.322
21529.223
21487.758
21563.253
21363.215
20664.034
19740.921
19590.332
18381.883
18611.412
18494.607
19038.234
19675.486
20314.422
20508.446
21147.822
21350.730
20674.558
21344.041
21043.811
20498.320
20672.396
21395.332
21823.275
20834.292
21590.838
21925.861
20132.479
19779.788
19867.386
20357.651
20983.514
20458.975
20045.250
20880.838
20248.171
20399.132
20926.294
19758.397
20279.286
20059.246
20499.644
21546.807
22310.995
22813.328
23233.685
23327.299
23474.111
24069.742
22557.108
22337.722
23183.317
23017.457
22817.290
22880.078
23135.154
23552.995
25208.348
25309.273
25519.002
24593.767
23068.891
22818.242
24067.051
25748.642
24654.349
24300.842
24234.185
23022.667
23478.778
24748.819
24160.516
23093.418
24322.100
25593.728
26119.497
26565.931
26046.748
23735.092
22279.706
23659.064
24290.218
24135.414
24203.145
23538.250
22902.337
23076.544
23875.245
24112.657
23544.937
24949.675
25544.296
26072.966
24803.606
24618.925
22779.031
22569.172
22787.548
22792.554
22726.373
22865.188
22257.013
21916.341
24030.803
24132.871
24101.829
22997.541
23335.246
22866.520
23345.339
23054.099
22097.789
22722.133
22203.477
22773.873
23611.852
23053.320
22596.137
23103.891
21715.300
21866.030
23227.175
23859.518
23667.434
23334.054
22324.610
22489.080
24338.530
23834.278
23447.870
25796.739
25923.716
25573.519
24517.439
24723.898
25439.459
25724.689
25227.411
24866.886
25301.366
24644.775
24247.310
24037.994
23587.127
23525.629
24321.716
24235.094
23503.703
23147.146
23892.744
25345.227
25546.889
24781.023
24357.176
23705.757
25385.104
25866.579
26385.873
26217.076
25010.486
24209.831
23545.387
23214.758
22738.779
22425.409
23031.336
