23247.470
24539.033
23431.925
22462.452
22650.806
23120.721
22124.398
22023.076
22147.348
22117.478
22268.575
21986.047
22325.898
23888.227
24617.262
22141.647
21607.695
22935.343
22911.087
22272.504
21215.424
20238.316
21142.505
20291.540
20520.659
20163.492
21588.140
21228.814
20244.360
20523.794
21349.340
20647.707
20750.548
21111.743
20642.825
19441.124
19783.683
20105.007
19069.779
18673.259
19994.138
20303.900
19600.572
19761.835
19540.323
20077.894
20468.017
20058.304
20124.661
20188.120
21273.829
21753.096
22129.253
21664.947
21310.270
21852.634
21914.125
22909.745
24631.179
24106.345
22612.517
21249.762
21159.162
21291.999
19562.000
19848.058
19742.182
20061.724
20403.288
22010.369
22196.879
22640.731
22692.426
21554.244
21419.488
21805.853
22095.316
21821.702
22019.126
21918.962
21843.342
21859.246
21322.803
21639.390
22790.585
20799.058
20954.035
21157.107
21636.241
20580.763
20132.676
21026.864
20976.628
19204.338
19826.612
20970.914
19912.389
20555.583
21017.801
21836.832
20768.686
20639.447
21270.256
21305.858
21693.290
21057.243
22701.207
24195.887
22901.309
22631.612
22448.752
22185.107
21790.721
21599.399
21129.177
20758.330
20436.617
20302.492
20188.482
20869.433
21890.558
21482.833
21975.323
22824.729
21779.894
23311.898
23143.136
24167.592
23557.157
23814.573
23624.201
22876.692
23678.733
23725.384
21321.796
20846.459
19083.575
19093.102
19513.878
19539.673
20808.526
21267.922
20873.136
20350.800
20088.267
19099.235
18184.174
19014.737
20884.689
20675.616
18922.462
19119.966
19187.645
19435.271
18565.811
19315.964
18907.737
18976.501
19446.950
19772.571
19834.476
18437.154
18620.157
19238.063
19731.566
19487.855
19042.835
19781.210
20832.757
21523.509
21545.145
19946.688
20526.271
20535.685
20769.436
19830.159
20073.047
20605.585
21175.583
21438.204
20912.084
20883.158
20887.326
19979.306
20973.429
21495.216
21340.762
20915.959
20927.726
21292.376
21051.386
19999.283
20119.619
19500.410
19845.401
20005.052
19757.774
19391.962
19479.344
19315.171
20210.344
19665.115
19363.813
18921.788
18866.632
19632.150
21412.195
21362.048
20959.097
20406.827
20551.703
20914.220
19721.772
19503.011
20548.329
21602.796
22504.358
22146.010
22333.280
22463.396
21700.323
21918.920
21202.422
20288.860
19780.041
20564.101
21287.763
22787.962
22973.045
22564.888
21761.670
20781.944
20588.479
21517.022
21526.534
22701.620
23799.594
24032.877
22973.784
23240.801
23375.294
23274.220
22778.862
23091.338
22912.714
20993.787
20548.041
21941.611
22120.051
22795.416
22278.524
21822.644
22876.175
22766.699
22528.696
22536.674
22592.013
23507.511
25082.113
24542.614
22918.500
22165.893
21681.393
21325.611
21323.399
21651.049
22830.246
23739.995
23804.039
23428.625
24078.728
23661.584
23547.204
23855.115
23038.551
23822.035
22410.550
21456.852
21367.412
21249.362
21752.931
21722.452
21639.306
21255.648
21432.515
22500.614
22372.064
22360.886
22105.017
22151.669
22802.133
24009.655
23454.689
23537.186
23178.445
24035.096
24100.999
24042.830
24023.178
22865.967
23247.503
23384.323
22677.826
22892.624
23526.757
25965.112
26471.555
26113.824
25911.433
25824.965
25650.822
25027.601
25490.896
26295.860
26466.433
26038.582
25029.742
24632.802
24258.435
24566.904
24887.634
24464.021
24163.982
25567.856
25503.516
25878.120
26383.785
25724.313
24097.155
24219.820
25553.000
26949.965
26667.897
25892.961
25104.029
23524.127
24598.874
24101.967
24065.643
24393.614
23683.575
23180.075
23304.854
23483.602
24320.527
23816.109
22684.243
22911.829
23375.163
23918.885
22206.952
21819.160
20942.777
21329.978
21165.178
22909.939
23836.581
23526.082
23456.265
22109.592
22306.993
22602.911
22522.572
22634.908
22947.095
23017.061
