25334.557
23495.584
21635.409
21867.007
22082.337
22633.555
22555.089
22586.454
22836.146
21351.335
21472.666
21178.101
21646.761
22078.897
21292.754
20128.895
20342.958
20293.816
19959.499
19641.210
19855.647
21293.398
20405.978
20679.620
20591.424
19728.580
20838.291
21132.577
21396.835
21802.449
21770.494
20707.396
19905.152
21910.913
23290.293
24053.034
24439.367
24098.335
24138.270
24326.582
24556.958
23622.952
24214.709
23067.491
22206.843
22088.330
21737.912
23265.906
22931.535
21836.072
21726.046
22713.110
22115.872
22039.267
22068.492
20671.184
19860.045
20795.200
21467.521
22234.929
22813.347
23097.385
24676.197
24251.758
23223.314
23852.811
24252.589
25516.095
23877.596
25138.689
24661.200
23513.975
23869.904
23822.532
24358.572
24981.374
25269.253
25216.389
24905.493
24577.766
24503.557
24098.675
24074.286
24458.120
24700.120
23639.243
23052.761
23615.140
24146.683
24620.458
23764.625
22183.590
22641.631
24157.370
23434.283
21063.464
20709.262
20546.075
19555.009
20809.070
21507.400
21777.960
22542.543
22261.666
23226.177
24713.950
24634.275
23406.086
22791.578
23693.446
23376.034
21851.544
22125.280
21819.469
22295.941
22875.624
23763.390
23602.265
23649.638
24099.434
23233.704
23346.286
24783.154
24392.667
24277.670
23634.965
23949.852
24023.486
22811.384
21648.705
20978.403
21398.087
21151.138
20874.239
21539.186
22581.834
22637.623
22560.429
22608.412
22099.788
21846.237
21115.005
20930.746
21434.191
21712.185
21857.793
20586.219
20789.927
21274.420
20934.790
22465.510
22390.208
22073.342
21119.512
20465.345
20488.904
20576.695
20954.138
21065.349
21018.707
21278.222
21476.402
22302.597
23136.507
23631.345
24703.129
22261.976
20782.658
20367.998
19366.505
19350.517
20415.739
19698.064
19396.353
20172.377
20058.802
19735.664
20529.157
21206.214
20204.122
19922.026
20269.052
19799.227
19225.890
19835.508
19009.582
19017.265
18868.373
19034.274
18353.921
18309.671
18980.522
18480.780
18287.630
19076.412
19215.751
19924.837
19742.238
19244.938
19870.342
19293.929
18963.064
19447.080
18309.998
18434.385
18960.635
19077.488
19416.686
19902.819
19030.434
19428.204
19095.105
19591.316
18876.717
18785.620
19015.655
19982.015
20254.597
20828.049
20519.931
19520.519
19694.811
19273.565
19838.725
20199.731
20697.042
20817.436
21578.295
21161.062
20878.058
21202.727
21334.392
20187.883
20226.175
20729.243
21297.033
21410.359
21203.703
20081.271
19237.158
19968.464
21018.606
21597.865
21633.996
21544.787
22365.651
23178.822
22861.887
22259.716
21834.651
21860.586
22266.583
23971.133
24137.419
23673.655
23055.559
23814.017
24019.400
24996.112
24012.135
24334.311
24348.320
24336.504
24447.061
25845.106
25630.003
24117.553
23613.431
23492.033
21999.555
22295.251
22571.128
23553.587
23581.238
23206.074
24862.379
24915.934
23976.188
23673.553
22490.080
22820.558
23973.727
24233.967
23562.657
23489.455
23673.105
26753.060
26190.757
23973.954
22708.796
21178.979
22250.288
23046.633
24037.278
22836.619
23023.486
23205.651
24378.653
23999.167
24703.479
23811.488
23179.860
22886.616
22789.559
24170.587
22989.718
23063.930
22107.051
23471.728
24270.622
23691.373
22919.953
22144.264
22573.580
22746.205
23801.718
23375.608
24019.181
25275.408
26190.942
25705.096
26174.718
26063.529
25260.151
24034.842
23223.411
22068.816
21825.819
23190.308
24012.051
23419.506
21973.716
22352.138
23425.538
23575.605
22896.029
22905.445
24002.142
25194.944
25095.640
24702.878
25443.621
24800.991
25555.171
25002.155
25842.716
25570.570
24137.854
23506.148
23213.392
24270.799
24283.053
24102.061
23318.265
23259.910
25416.635
24950.928
23126.028
23046.341
23929.767
24262.524
24374.851
25860.272
26832.651
23676.573
23565.901
