19466.405
19987.043
21517.159
22269.428
22382.611
23265.695
21837.675
22248.040
23362.274
23516.230
23881.035
22084.893
21967.963
24491.160
25129.408
25692.847
25392.280
24359.443
24503.110
25825.750
26576.097
26242.481
26760.157
25998.256
25971.998
26100.507
25500.408
24324.780
25628.104
25497.126
24344.781
25150.151
24060.591
23028.210
22465.139
22829.870
23755.591
24145.826
24586.588
25388.629
26704.419
26933.449
26553.930
24479.345
24772.869
23488.743
22813.017
24026.109
25250.529
25108.293
25979.443
26063.594
26570.154
25493.031
24473.888
23394.911
23600.622
23382.822
22794.766
23025.505
23012.160
22618.987
23301.546
23735.752
23286.489
23764.689
24354.155
21895.451
22835.002
22366.236
22656.930
23363.421
23675.052
23641.555
23512.558
23422.186
23192.436
22299.614
22569.364
21418.219
21817.881
22341.309
22812.136
21729.862
21791.568
21413.295
20876.094
22490.921
21995.430
20992.500
20327.042
20540.082
19784.025
20276.354
19945.688
21968.701
21049.239
21301.306
21040.774
20641.120
20181.970
20340.542
20725.158
21076.786
19089.055
18469.749
19894.913
20135.554
20494.080
19567.476
20418.849
20070.448
20423.766
22318.368
23528.062
23680.922
23224.660
22140.036
21037.794
21159.308
21212.769
20757.724
20624.498
20196.590
19998.449
20170.821
20974.512
20240.441
19004.788
18961.061
19914.067
19615.759
19721.883
19721.569
18545.530
19505.969
20670.140
21773.173
20873.838
20257.752
19609.238
18789.309
19340.288
20085.399
20243.035
21093.165
21455.066
21202.062
20467.210
21591.292
22214.515
23358.773
23795.657
22574.334
21619.048
21902.074
21390.324
21285.520
21051.474
21285.866
21578.940
21762.400
21516.679
20485.058
19790.058
19991.439
20535.616
20589.975
21337.300
21535.921
22013.485
22114.471
21595.295
20654.318
21351.027
21796.998
20587.232
19653.896
19520.788
20073.914
21260.182
20988.468
21428.493
22068.913
20333.365
19589.047
20163.386
20762.807
21973.225
21956.147
21739.775
20952.764
20007.868
20344.374
19473.704
19283.062
18016.088
17859.405
17876.237
18383.741
18967.963
19675.977
19253.595
19120.226
19952.483
20384.069
18747.022
18489.030
18184.971
19241.448
19775.092
19954.501
20612.948
22222.755
20503.142
20544.012
20215.347
19954.374
20161.423
19835.771
19270.799
19002.061
19246.727
20171.477
21438.621
22072.692
22660.552
22434.364
22861.318
22760.928
22161.832
22792.337
23057.834
22826.848
22716.244
21650.590
21059.125
21815.219
21232.506
19923.841
20233.043
20740.794
21603.085
22318.457
21884.798
22241.076
21802.216
21883.999
22931.658
22761.504
22034.378
22676.592
22651.125
22935.482
22845.544
22629.020
23015.214
22886.589
23654.816
23299.629
25348.560
25631.748
25090.829
23939.969
23977.515
23448.549
24216.708
25272.930
23659.060
22532.836
22505.710
22865.934
23414.391
23339.335
23859.616
22794.138
23458.978
24099.533
24693.379
25680.859
24950.497
25740.199
26145.068
25888.976
25494.442
23460.378
23334.304
24375.733
22994.850
22943.636
22802.179
22360.964
22058.665
22472.241
24059.010
23890.045
23959.455
23789.105
24137.805
23934.259
23602.571
22024.502
20731.324
21798.219
22163.611
21878.944
22912.831
23412.875
22942.314
22850.308
23975.243
25110.597
25477.625
25645.796
26676.072
25930.179
25600.417
25100.698
26109.981
25618.671
25797.868
25134.606
25577.911
25903.290
25976.019
27881.135
26966.425
25975.122
24339.907
23962.238
23816.354
23981.535
24183.393
22990.135
23312.368
24247.342
24866.964
25786.969
26308.537
26124.016
24435.476
22777.111
22349.274
22953.579
22832.786
20502.814
20530.896
20722.508
20092.576
20738.627
23217.086
22789.249
22594.672
22477.392
23284.096
23936.411
24455.692
26286.120
25868.527
24694.797
25160.692
24680.427
25237.779
25927.557
26208.810
