22673.679
22482.117
22696.372
23534.037
24152.806
23758.095
22649.564
23364.196
24073.348
23700.922
24188.802
25587.804
25475.158
24307.583
22747.591
22668.359
20865.250
21181.651
20515.573
21366.326
21455.773
21031.402
20726.085
22138.177
23421.084
23656.111
23424.168
22404.369
21752.774
21459.261
20907.888
20791.034
20644.357
21237.239
20954.350
21787.209
20665.413
19348.112
18370.753
19693.722
19025.190
19303.510
19999.869
19991.657
21564.664
20508.748
21019.887
21688.234
19835.990
18774.503
17525.549
17137.998
17611.125
19658.450
19853.907
19901.216
19756.030
19670.302
20489.089
21596.028
21902.683
21206.129
20990.853
21553.939
21678.190
21805.167
19941.601
19221.626
20770.075
19825.898
19455.632
20461.095
20054.019
20086.887
20067.037
19349.980
19407.454
20447.770
21194.125
21410.798
20878.035
20509.570
20544.705
20397.864
21052.504
22388.049
22033.396
22088.326
21377.875
20828.848
20627.386
21302.196
21252.897
20200.025
21530.339
20943.474
20102.827
21454.769
22291.584
22637.398
21476.964
20614.612
21770.036
22672.430
22984.545
23569.514
23858.848
22449.392
21229.630
20504.101
20077.564
20290.854
20473.072
20209.058
20623.216
21105.632
20814.238
19197.005
19591.697
19629.086
18761.534
20101.933
20782.099
21420.992
21673.303
21679.997
21824.348
21551.050
21088.259
20954.812
20014.766
20895.953
21811.424
22356.759
22837.547
22843.544
20940.033
22297.145
21885.535
20897.709
20371.887
20779.961
20701.463
21007.344
21710.856
21954.276
20143.739
19313.170
19210.344
19579.036
19488.473
18899.264
18746.191
19446.384
19184.658
19853.465
19091.826
19029.036
19050.987
19618.378
20996.275
23319.249
22271.230
21979.320
21690.901
21519.018
20671.960
20234.447
19781.719
19643.147
19827.859
20179.903
20475.781
18988.716
19202.183
19430.527
18795.720
19232.447
20439.803
20712.390
21707.479
21809.078
21311.418
20971.218
21501.730
22400.823
21909.810
20843.806
20612.554
20141.148
20873.329
21952.363
21579.032
21129.734
19258.968
19419.025
19081.570
18974.681
19344.043
20083.806
20572.516
19915.440
19701.402
19959.346
19974.443
19748.904
20214.673
20881.196
22053.677
21776.594
21612.173
21038.018
20412.470
19955.429
20388.106
20788.520
20811.417
21277.358
21879.957
21979.224
20745.724
20510.207
21389.835
20732.590
20622.616
21259.640
20834.948
21431.585
20473.358
19959.881
19609.218
19131.070
18877.485
18726.469
20172.914
21134.785
22143.658
22358.470
21940.402
21583.596
22122.590
22341.108
21920.927
21972.503
21642.570
22573.498
24178.306
23686.091
21860.359
21876.472
21733.887
22168.675
22562.777
22077.198
21908.122
21745.416
22862.145
23279.231
23998.347
23211.417
23255.305
23767.057
24297.925
24727.892
23977.218
24856.796
24405.811
24122.510
25671.985
25550.265
25481.355
24799.913
23883.905
23522.299
23228.019
22747.543
21971.598
23090.292
23841.603
24437.686
25104.591
24629.761
25134.502
24762.851
24754.028
24059.010
23548.340
23032.767
22893.857
23402.813
23622.528
24253.449
24955.101
24428.602
23460.257
23260.435
24728.168
26838.442
26897.357
23814.074
24713.428
26315.671
24798.420
24602.504
25439.234
24306.921
23986.906
24180.547
23967.734
25290.965
23880.878
23334.564
23135.839
24634.028
23346.352
23163.496
23333.518
22245.983
21692.584
20943.202
20767.163
22320.407
24335.969
24072.652
23390.465
23532.463
23255.454
24440.673
27523.078
27188.818
25759.213
23672.603
23074.724
23761.801
24983.743
24968.819
23894.550
23487.435
23544.777
22608.744
21021.329
20730.807
20072.449
20403.712
20644.936
21405.221
24495.114
24820.277
22870.431
22122.873
23494.049
24049.079
22243.802
21955.853
22400.025
23066.547
24454.841
24280.826
22161.271
21312.189
23115.656
21693.783
21056.523
22380.260
23055.539
