22068.565
22294.765
22484.651
22212.997
20935.986
20295.766
20449.824
21266.109
20734.758
20945.584
21455.465
21643.670
21807.314
21873.841
22298.107
21254.605
21390.532
21508.102
21478.649
23401.347
23046.644
20794.570
20402.750
21809.111
21567.472
20428.322
21210.563
21103.997
20303.893
21459.305
21040.057
21245.328
21985.354
20963.603
21568.400
22566.939
23121.676
23509.611
22918.151
24059.445
23456.414
23433.645
23555.382
23058.490
22181.109
21383.377
21543.196
21681.622
20875.540
20130.530
20568.504
20981.888
20236.052
21587.262
21869.629
21138.617
20373.029
20606.312
21012.498
20647.029
20822.869
19747.844
21407.820
22411.294
22565.062
22038.762
20902.154
21612.125
21895.884
22446.949
22957.135
22069.093
20982.636
19965.160
21039.341
22041.961
23150.494
22924.140
22900.252
23067.539
21823.048
21466.563
21408.162
20548.183
20864.098
21089.836
21096.115
22472.557
22675.729
21331.167
21174.126
21594.792
22115.140
21186.939
20572.342
21053.148
21181.547
21540.339
22453.362
22349.713
21872.922
21341.026
21171.665
20402.436
22074.957
21731.971
21607.358
21424.276
22557.482
21590.257
21588.566
22716.422
23098.067
22097.105
21457.841
22509.405
22908.591
23917.643
22946.203
22275.898
21547.717
22644.970
23762.063
23623.888
22951.004
21524.653
21047.217
20188.997
19679.540
19355.519
19478.317
20049.420
20707.685
20568.220
19682.043
19750.923
20304.324
19495.723
21340.085
20913.027
20480.153
20740.484
20127.261
20476.891
20303.560
20148.001
20399.411
20910.153
19930.247
19251.340
19016.531
20443.678
21137.818
21458.538
21609.209
21851.033
22355.096
23463.738
23273.322
23096.872
22872.089
23609.505
23688.678
24753.719
24904.784
22419.845
22114.953
21822.186
20505.314
20590.728
21088.973
21783.688
22231.036
20838.573
20345.832
20155.228
19176.654
19900.028
21404.386
21841.986
19208.104
19531.792
18777.677
19157.960
19699.735
20034.073
20244.160
20234.957
19962.230
19079.963
19230.870
19733.049
20821.648
21550.821
21002.399
20994.876
20370.318
20517.370
19253.205
19403.918
19397.044
18880.537
18715.813
19370.149
20247.231
21014.975
20079.657
19799.365
19420.252
19018.380
19959.233
19398.761
19431.729
20229.624
20253.996
20347.238
19907.877
18866.175
18526.916
18259.786
19169.901
19927.021
19654.966
18539.099
18105.814
19105.701
19604.122
19870.773
20107.613
20276.108
21512.203
21624.416
22146.552
20714.004
21291.780
21084.392
21583.293
21313.649
21191.827
20631.849
20414.322
21419.916
21774.317
20964.614
21231.980
20955.710
21283.849
22608.314
23540.718
23880.282
22758.482
22259.779
22666.842
23008.446
22798.226
22904.781
22468.067
22772.482
23475.277
23846.882
24283.273
23587.102
22779.688
24109.239
23370.726
24211.631
24151.749
23443.028
22880.410
23006.254
22741.329
23166.191
23443.697
23413.733
22362.896
21258.773
21936.207
23585.736
23053.526
21818.669
21314.495
22115.267
22670.674
22301.320
22619.448
22904.120
23584.328
23390.234
23900.795
23971.618
23467.106
23345.959
23041.973
23114.687
23306.447
25050.321
27055.625
25043.455
25418.578
24656.580
24441.993
22964.653
23439.582
24587.629
25865.818
25775.243
25327.572
24027.070
24560.636
24308.965
23770.017
24608.146
25382.145
25411.003
23920.015
25240.912
23776.312
22291.120
22389.307
22716.539
22664.488
23006.602
22973.399
21893.189
22573.411
24338.664
25267.742
25079.674
24801.977
24998.755
25712.973
26476.821
24859.194
23492.285
23637.735
25487.600
25773.494
22673.957
23105.813
22020.377
21253.738
23102.950
23530.482
23347.242
24238.955
23758.735
23687.746
24283.350
24676.529
24234.596
22599.028
22265.872
23139.984
24050.668
25803.989
23958.108
23964.148
24620.721
25025.636
24621.856
24542.887
23515.262
23701.915
22249.669
22643.535
