23059.319
22753.148
22794.521
22841.846
24545.012
25751.708
24743.785
23197.954
23640.683
23643.833
25910.024
25042.601
23352.228
24353.054
24041.507
23954.821
24156.130
22465.398
22579.598
24704.265
24238.139
23170.338
24672.882
25403.799
24347.085
24633.948
26654.466
25980.495
23943.303
24381.774
24375.353
24672.897
24491.253
24952.936
24657.995
23868.694
25153.873
25326.224
23646.537
22072.377
21758.592
21295.627
23208.850
24674.180
25132.813
24231.523
24284.571
23089.195
22024.674
22717.734
23614.968
24361.800
24055.276
22924.679
22844.432
22337.470
21934.094
21325.649
21341.576
22723.410
22670.551
22854.167
21908.670
21413.230
22639.879
22815.586
22378.545
24165.516
23906.021
22915.093
22812.087
22758.246
22759.971
23941.535
24693.668
23417.539
24381.949
24660.503
24318.782
23167.851
22403.907
21962.030
22501.028
23498.365
24257.080
23981.585
23396.304
22612.593
23213.264
23241.111
23605.382
23451.661
22745.745
22571.189
21854.748
21577.972
21074.886
21544.997
22464.530
22406.112
23681.021
22556.640
22538.995
21786.228
21760.114
21171.055
21771.676
21783.890
21737.154
21639.105
21746.867
21168.543
21890.313
21620.383
20456.638
20583.280
20811.166
20756.707
22420.170
22240.927
22881.891
23901.001
23376.456
21646.122
20184.558
20024.026
20249.049
20365.933
20602.400
21925.581
22861.947
22232.141
22197.771
21651.930
21694.162
21337.391
20845.779
21474.057
21656.970
21728.734
22528.191
22354.043
22277.084
21924.518
20808.070
20272.079
20739.401
21957.181
22745.854
23580.090
21445.962
20974.206
21294.448
21440.360
20359.612
19521.507
20183.450
20036.083
19527.896
19725.317
20148.234
19788.743
20152.132
20872.647
20513.767
21641.904
21063.386
20985.436
22500.001
23348.719
22764.330
20936.820
19988.673
20000.954
20121.522
20925.835
21279.029
21554.297
21537.653
21658.164
22813.365
22551.770
22533.554
22314.286
21764.101
21382.518
21440.431
22153.949
21713.931
21054.586
19674.003
19580.764
19551.234
19190.267
18013.564
16620.871
16559.416
17624.871
18330.198
18996.405
19565.419
19986.692
19662.262
19466.433
19081.916
18508.499
19156.357
19478.085
20069.052
19598.794
20294.489
20786.343
20728.057
20895.178
20589.468
20679.965
21394.460
21949.793
20940.642
20342.242
20223.827
20663.996
20251.033
20057.127
20013.587
20523.552
21786.980
22707.100
21656.937
21272.910
21067.683
21340.023
22154.271
22578.545
22881.219
23232.437
22644.253
22017.347
22278.335
21638.807
20103.502
20695.469
23887.131
25524.527
24945.200
24653.037
23302.380
23648.346
22645.993
21695.649
20448.539
20557.677
20939.895
22244.377
22542.407
21893.495
21183.700
22223.733
23945.945
24508.806
23959.610
23954.894
24289.141
25235.340
25257.072
25571.818
26100.344
25758.047
24892.973
23698.467
22690.924
23664.670
24726.502
24085.960
23957.100
23123.581
23444.108
23795.869
23207.972
23377.340
24422.762
25408.562
25852.090
24755.705
24206.831
23716.498
23460.212
22955.662
24397.105
25471.871
26637.743
25987.217
26089.694
26846.488
25964.413
24470.241
23211.779
24421.097
24458.641
23916.730
24114.473
23274.643
22451.487
22099.419
22255.533
23825.112
25963.866
25521.744
23845.198
23582.351
24812.023
23799.395
22369.187
21562.907
22754.088
23880.238
23663.857
23517.008
24620.329
24474.615
23913.080
24455.901
24753.929
24648.369
23607.431
22902.060
22851.108
24105.388
24344.319
24616.347
24460.637
25068.185
26912.575
27025.177
26682.641
26974.897
26417.097
26014.682
25725.979
25223.877
23767.403
23358.221
23345.074
23737.983
23603.905
23373.519
23799.645
22416.006
22627.275
23245.677
22931.520
23773.304
23957.918
24588.626
25860.235
25259.288
25256.108
25271.977
25983.187
25810.672
26455.325
25158.904
23716.548
22655.431
22998.114
