25167.627
24790.258
23824.546
24114.245
24933.882
24570.059
22032.987
22232.014
24478.342
26539.177
27071.374
25281.871
24160.555
22789.609
23231.067
23744.132
24109.324
22810.086
20685.615
22543.661
23687.024
23843.111
22262.425
21308.011
20837.274
20313.850
19949.730
19108.465
19772.669
20075.438
21157.608
21815.594
21523.782
22276.810
22952.535
22275.463
21890.120
22303.980
21944.409
21092.954
21701.076
22556.758
22482.796
23031.532
22510.798
22271.761
23652.008
22566.568
21558.460
21517.289
20347.689
20555.732
21175.228
21016.744
21156.704
21898.961
20885.600
20977.155
19834.684
19211.238
19693.207
20476.495
21640.098
22564.589
21506.604
20226.075
21496.766
22070.765
22803.674
21788.669
21329.050
22231.756
22046.590
21569.364
21161.195
21282.299
21897.709
19512.800
19508.324
19555.313
19117.591
19463.560
20037.069
20889.950
21560.610
21557.134
21091.083
21242.326
20469.235
20340.821
21582.725
21833.113
22743.132
23033.179
23864.572
22372.318
21868.360
22051.455
22334.041
22169.301
22309.758
21109.952
21480.465
21216.365
20400.663
19806.204
19382.339
19762.873
21189.667
21607.023
21727.106
21204.752
22395.406
22587.005
22920.380
22445.667
22154.948
20875.774
22604.109
22226.262
22655.693
22596.228
21930.571
22778.623
22603.578
23033.571
23268.738
23264.960
22462.066
22612.114
22027.427
21557.107
22942.525
22801.454
24353.286
23826.921
23073.550
23340.521
23617.922
22860.752
22568.616
21977.930
23134.445
21594.849
20882.451
21200.645
21393.447
21242.633
20724.574
19917.770
20339.568
21456.122
21750.264
20195.592
19128.887
19728.376
19437.669
19218.477
19505.288
19497.703
18861.301
18793.259
19720.114
19116.557
20356.392
20547.349
20474.957
19212.963
18427.838
18398.975
18853.399
19672.665
19781.039
18394.977
17676.792
17998.554
19034.874
20257.934
21168.372
21566.364
20751.735
20352.890
20511.656
20150.074
20535.783
21031.536
20825.713
21019.320
20259.847
20175.758
19084.614
19084.551
19371.500
18701.007
18476.060
18697.521
18723.733
19412.131
20340.704
21107.036
20956.656
20112.126
19862.364
19670.381
19079.986
18557.265
18890.265
20056.988
19738.855
19886.363
19570.819
19770.810
19752.648
20187.306
20908.139
21499.417
21190.088
20146.585
20297.861
20275.090
19585.500
19713.526
20665.016
21263.727
22058.184
22208.081
22264.856
22634.573
22692.473
22963.739
21134.856
20210.708
19248.141
19642.484
20656.850
21847.315
21101.495
21296.252
20536.490
21095.060
20728.560
20992.042
21669.538
21862.529
20710.515
21049.636
21595.068
20812.977
20252.998
20602.498
20954.744
22168.467
23450.761
22609.794
23025.403
23246.412
24848.793
23979.972
23462.094
23172.649
23449.936
22576.463
21772.265
22690.296
23573.553
22882.508
23501.583
24418.898
24305.565
24079.179
23759.277
23473.260
23816.820
24118.523
23516.080
24106.617
25462.285
26975.734
27390.633
24935.561
23570.223
24613.583
25576.572
24393.631
24567.414
23825.014
23059.787
22069.613
23064.512
23209.748
24384.216
24715.685
23476.270
23448.993
23303.489
24146.972
24011.561
24201.130
23337.884
23124.494
23435.030
22997.215
22767.707
23183.284
22340.559
23542.095
24730.356
24596.995
25664.615
25485.327
25114.910
23867.410
22392.242
24064.698
24858.581
26248.919
26311.044
27844.425
27140.567
25198.111
25427.175
25316.755
24825.037
23868.305
24543.544
24642.726
25885.011
26458.675
25856.507
26667.806
25015.256
24008.341
23493.948
24667.735
25731.614
24596.108
25366.210
24532.598
23967.436
24489.423
23936.903
24406.706
24364.397
24856.085
25260.694
23700.291
23917.475
24221.353
23235.630
22770.811
22514.809
22917.427
22212.452
23183.976
24444.650
22087.347
22105.906
23226.397
23030.556
23960.648
23960.058
22523.842
21618.811
21011.036
20755.620
