24106.450
24117.929
23999.219
23308.908
22350.206
22190.204
22905.870
24228.796
24718.854
23292.309
23731.048
22825.175
23687.946
23440.071
24324.580
23746.149
22804.841
21852.901
20969.208
20954.016
21020.550
20882.982
21846.538
23827.103
24236.864
23647.521
24915.291
24385.408
24410.938
23782.114
22260.866
22106.141
22283.033
21244.053
20573.329
20671.204
20831.910
20713.472
20482.067
20756.801
20442.869
20566.104
20499.165
21372.211
21213.832
21859.057
21057.809
20542.169
21015.113
22475.641
22760.393
21662.846
21203.309
22289.272
23198.760
22480.452
22303.784
24248.921
24688.786
23638.082
21926.259
22989.407
22501.002
21979.603
21750.744
21378.223
22132.817
23168.197
22920.722
21767.171
21176.745
20980.464
21625.945
21827.559
20752.180
21542.586
22471.750
22435.658
23164.685
23438.125
22693.194
22078.697
20784.817
20700.324
20953.643
20888.880
21863.206
21652.400
22729.546
22534.894
22228.823
22210.829
21920.364
22521.283
22775.198
22919.141
22256.854
21078.625
22041.180
22578.051
21338.807
20624.972
21227.003
21217.250
20689.047
20500.979
19497.685
20490.805
20692.150
20509.156
20931.866
19971.907
20364.907
22007.198
22038.074
21489.540
21889.019
22641.379
22225.175
21785.438
21847.164
21309.665
21709.543
21891.664
21954.924
21922.554
21534.884
21078.210
21089.826
22284.254
21219.140
21440.276
21178.964
20345.643
20035.685
20301.286
19996.686
20176.704
19851.861
19004.895
21008.298
21615.055
21653.327
21822.661
21656.915
22236.784
22929.310
23097.251
22631.964
22205.738
23418.961
22072.217
21179.696
21456.235
21436.493
21422.349
21933.278
23158.775
23160.391
22729.946
23039.329
24253.032
24907.707
24926.624
24892.184
24763.708
23205.062
21874.626
22104.587
22368.758
21601.842
21088.728
21285.002
20710.326
20895.948
20779.674
19749.541
18957.754
19382.330
18891.045
19180.816
19791.710
20470.730
20816.371
20810.678
19870.677
18911.704
18486.262
20135.153
20794.698
20293.987
18996.941
20044.116
19331.453
18864.786
18843.269
18042.009
18702.193
18608.545
19251.611
19714.534
20518.502
20661.623
21309.196
21570.038
22041.445
22216.514
21531.202
20829.588
19797.067
19117.444
19691.574
20035.964
19434.980
19698.243
19329.050
18924.047
18474.463
19364.130
19481.757
18359.340
18132.249
17857.169
17465.978
18414.895
18822.504
19774.948
19802.624
19985.326
19408.268
19421.947
19165.870
20212.878
20841.419
20847.683
20077.394
20087.776
20911.532
21607.461
20237.702
19373.825
18843.424
20215.861
21263.207
21021.525
21044.545
20743.882
21686.177
22869.631
24361.575
24328.269
24786.811
23925.641
23074.434
22934.859
23249.557
23187.845
23018.267
23853.949
25280.907
24127.917
23647.445
23892.528
21785.454
21887.879
21225.646
21781.479
20801.618
21115.780
22255.546
22096.147
21623.370
22127.748
22778.610
21248.294
20969.317
21482.823
22533.223
22741.198
22615.865
22868.213
22529.610
23834.715
24359.114
23911.520
23885.860
24428.866
24296.248
24239.241
23410.761
23365.219
24132.825
23978.198
24394.486
24226.174
22856.984
23779.906
24659.354
25331.259
25993.638
24339.228
24407.840
24757.263
23905.807
25106.432
26249.009
25500.450
24684.394
24582.588
23574.154
23172.240
23044.692
23233.139
24223.848
22818.493
22503.460
21632.506
22127.079
22893.334
22633.079
23170.989
23201.975
23896.875
24680.525
23853.019
23710.866
25402.452
25587.741
24845.220
24553.288
24648.880
24361.700
22688.638
22408.432
21421.985
21408.420
22629.901
24257.235
23229.743
23846.519
24889.440
23362.757
23778.488
24387.348
23629.936
24280.580
23571.701
24643.647
25870.292
25240.656
23614.302
23293.216
23457.244
22766.009
23867.658
22514.003
23897.243
24007.793
23805.535
24108.595
24388.692
23195.324
23411.055
21729.596
21179.672
22086.317
