23304.843
23489.093
22468.185
21494.005
22086.847
21657.588
22380.733
22698.144
21185.950
21512.884
22222.540
21516.212
21659.338
21326.611
21184.053
22025.562
21504.895
21418.932
22096.171
22577.784
22133.499
22184.669
23361.647
23453.398
22787.513
22385.625
22793.204
22314.393
22474.576
23253.341
22112.274
23083.955
24324.789
25338.942
25826.475
24850.353
24599.814
24597.066
24760.306
24145.793
23616.204
25091.271
24522.829
24843.272
25085.404
26109.031
24708.770
23635.197
22883.840
22885.540
23606.979
23582.384
23142.116
22788.250
22856.132
23498.194
21686.208
22674.789
23213.896
21769.632
22236.298
22281.057
23678.786
21952.009
20611.748
20155.707
20133.285
20722.298
20767.032
22094.301
22323.256
21878.432
21646.541
21789.638
22339.399
22056.269
21888.535
20798.681
20023.909
21586.231
22561.749
22174.148
21891.664
21641.603
21584.154
22445.039
22416.810
23186.284
24630.470
22627.155
22495.278
21768.756
22150.857
23896.677
22901.653
23097.148
23135.341
20935.089
20607.911
20698.056
20565.195
21357.426
21665.587
21492.474
20693.594
19600.097
19394.030
19575.781
21307.296
22248.029
22882.985
23225.776
22475.205
22754.264
22836.435
22186.428
22683.902
23332.239
23263.672
22811.564
22679.580
20800.429
20228.913
19184.683
18967.817
19528.512
19926.056
20304.511
20728.710
20952.772
22177.817
22561.529
22497.117
21966.513
20884.173
21517.701
21957.297
21567.131
22425.373
22019.967
20201.053
20370.701
20495.179
20833.019
20673.000
20095.718
21088.097
20492.592
21714.418
23100.176
22002.939
21999.258
21197.875
21206.351
21425.760
21456.287
20962.197
19578.460
19804.735
20310.848
21406.630
21837.395
21561.085
21838.476
20962.307
19995.376
19672.907
20578.500
20056.715
19681.448
20499.098
21260.478
22179.651
21880.777
21692.026
20647.382
21116.753
20776.151
20348.679
20812.129
20840.594
20270.850
21147.362
20473.904
19555.561
19636.904
19897.485
20429.535
21064.678
20543.024
20100.221
20062.903
20854.874
21548.101
22021.310
21252.905
20365.742
19865.375
19442.551
19131.193
18853.717
19898.520
19876.831
19105.718
18192.628
18983.300
20609.510
20630.979
20051.516
19784.743
20174.463
21907.684
21012.811
20047.950
20018.785
19697.730
19982.402
19461.146
19106.787
18428.667
18453.513
19679.703
19655.290
19875.998
20018.673
19780.956
18602.331
17787.942
19283.078
20151.700
21229.168
20349.031
19767.526
20277.973
20021.691
20214.504
20403.134
21743.438
21854.689
20457.882
19908.255
20379.007
21411.551
22004.135
22147.037
21996.167
22760.326
23386.926
23034.625
22498.139
22318.269
22919.359
22739.711
22738.144
22824.923
22888.715
23424.003
22931.678
21983.090
22244.152
22950.717
22231.685
21978.792
22716.119
22067.621
22013.727
22416.497
22338.990
22089.941
22574.151
24204.674
25380.664
25570.932
25793.225
25691.241
23827.651
23791.606
23343.305
23289.854
23209.192
25826.900
25965.080
25686.644
24587.515
23388.773
23226.385
23009.099
22237.952
23749.441
23875.991
22640.506
22393.368
22935.803
22770.270
22923.392
23506.528
23252.634
23654.363
26250.373
27088.143
26243.354
24772.964
22906.469
23078.595
24384.156
24811.437
24454.468
24864.499
24757.262
24557.228
24089.983
24486.386
24062.706
22519.784
23254.020
22535.433
24378.735
24750.438
24250.419
25058.519
23991.141
24038.268
23767.413
22780.101
22051.698
21726.669
21997.744
25019.120
25596.974
25382.733
25495.589
25383.000
24037.094
24539.480
24808.294
25498.388
25238.952
26120.459
25229.040
23850.913
24958.384
24504.709
22419.463
22434.919
23309.960
24099.516
25023.334
24066.326
23169.490
23085.996
22621.136
21001.795
21750.369
20682.530
20197.447
22953.340
24423.780
23072.246
23192.527
22313.160
22408.057
22383.338
21758.992
22272.718
