24337.862
24829.768
23087.169
22955.979
22259.854
21758.066
20190.373
20713.536
21558.651
22755.358
22881.214
22635.150
22688.086
22908.366
21854.753
21934.888
21381.624
20458.747
20503.177
21242.979
21413.055
21028.194
20674.475
20824.539
22279.374
23512.408
22033.487
20771.491
20633.686
21362.041
20837.826
20097.236
21065.318
20243.423
19064.419
18574.031
18320.946
18092.356
18929.957
19867.760
20673.832
21145.862
20348.900
20059.309
20951.555
21150.663
22917.606
24428.867
24890.663
24633.186
24413.140
23939.305
22971.748
24103.005
24382.455
23432.893
23205.435
23275.158
23850.238
24341.316
23716.325
23577.394
23543.559
25127.841
23771.768
22412.745
21887.458
21466.734
21541.878
22418.736
22260.857
22205.060
21473.172
20308.221
21040.716
21241.409
22986.591
23239.626
22546.350
22836.974
23713.879
24378.569
23420.448
22869.533
23148.231
22712.220
22323.363
22917.317
23248.097
24214.058
25004.946
24998.501
25849.455
25220.704
22829.947
22476.202
22785.511
22143.406
22113.974
22637.524
21259.703
21641.816
20968.582
21495.226
21871.027
21639.104
21721.336
19263.507
19549.093
21023.439
20383.617
19889.434
19783.537
20248.695
20211.925
20974.781
21710.971
20875.808
20390.690
19952.876
19946.161
21265.207
21385.732
21428.524
21209.985
21742.064
21976.657
21735.208
21715.516
21995.107
22166.633
21756.572
21486.810
21736.586
21763.061
21539.271
21131.692
22093.136
22551.308
23370.131
22983.701
20741.614
21013.866
21245.492
19787.673
20127.853
20302.047
20478.542
21197.149
20237.851
20541.935
21219.220
20634.271
20286.498
20106.006
20514.456
20998.999
21754.602
20378.675
20916.615
20626.749
20470.841
19378.311
20734.555
20915.311
21218.867
20927.726
20632.004
19619.721
19718.281
20269.013
19479.711
19674.755
20873.034
21560.217
21899.934
22512.094
21701.750
20297.478
19595.426
19370.657
18694.362
18519.441
19173.458
18943.538
18833.730
18377.705
17970.872
18357.599
19141.692
19809.941
19852.815
19668.661
19513.079
19359.238
20254.180
20138.017
20439.718
20386.467
20102.555
20028.858
19669.218
20119.960
19611.481
19254.954
19590.782
19615.584
19935.376
19095.927
18417.457
18601.570
19297.238
20615.749
19824.751
19389.669
19885.965
20376.054
20941.339
20114.162
20229.884
20121.080
21335.675
21359.459
20855.350
19556.888
19341.605
18886.173
19041.498
19818.738
20166.616
21058.315
20660.296
21103.593
21583.366
20883.120
22251.928
23547.423
24048.198
23599.378
23614.492
23118.010
22946.797
23435.083
23371.091
23415.429
22758.363
23908.367
23259.992
23072.661
21453.054
21196.986
22188.891
22236.060
22466.341
23323.342
24005.365
24101.685
23256.030
23441.258
23077.970
22965.020
23433.062
22719.876
23590.072
24215.876
23909.774
24312.734
25202.091
25376.597
25649.279
24543.121
25266.259
25759.807
25712.293
24871.545
24311.059
23730.703
23104.399
23353.890
23729.098
23511.569
23964.359
23746.216
22662.886
22494.539
23266.782
25897.502
25154.392
23732.173
22929.790
22082.852
22196.138
22803.511
21870.309
22253.306
22600.290
22968.751
23459.868
22990.288
23299.591
23945.720
25671.528
24934.157
25739.607
26259.009
25344.118
23030.967
23033.405
24063.760
25584.844
23635.378
22326.767
23043.957
23751.965
24456.273
24242.897
25246.139
26241.637
25230.692
25010.002
23928.477
23343.720
22384.871
23009.688
23044.654
22896.803
22741.990
22734.066
23344.762
23725.626
24582.193
24575.267
25857.592
24674.846
26086.373
26000.327
25400.594
23470.155
22247.883
23391.827
23439.343
24008.414
24090.032
23983.380
24489.593
25099.151
26354.405
26391.539
23934.039
23195.919
23584.380
23835.530
23054.285
25129.053
25895.195
26467.755
25013.200
24072.905
21359.606
21617.923
21736.798
22479.156
20987.579
21657.197
22375.703
