24066.367
24555.783
23670.427
22753.150
22372.412
23300.087
23693.726
24461.556
24401.154
25288.755
23797.214
23385.375
23702.706
23118.979
22787.121
22748.485
22547.041
22247.008
22408.741
22747.295
22999.838
22257.250
22526.404
22617.383
21734.948
22404.888
22978.699
22439.071
22398.779
20650.340
21184.111
21877.230
21052.514
19870.153
19947.853
20863.520
19754.226
19602.047
19982.696
19505.105
19928.711
20107.946
21862.918
21906.353
21994.497
21120.845
20428.672
21519.704
23373.915
21522.213
20069.650
19587.218
20490.736
20979.937
21948.580
21475.157
20510.252
19975.337
19697.556
20708.082
19789.261
20789.886
20576.577
20174.450
20697.638
21613.599
21257.920
20270.695
20660.664
20829.992
21004.357
20707.610
21049.721
20685.782
20144.551
21018.866
21439.850
21696.987
21685.741
22254.216
22539.571
22234.684
21778.186
21977.048
22507.628
23652.275
24393.494
24645.358
22829.374
21623.980
20481.344
20350.637
21860.175
22390.862
22880.421
21977.397
20690.517
21158.180
21265.301
22955.038
22832.680
21399.207
20349.358
20966.559
20534.285
20049.027
20139.062
19851.455
21438.189
22024.560
21704.099
22203.395
23239.329
23647.866
23316.009
23810.913
23399.104
23222.210
23321.621
23301.391
23176.858
22197.019
22698.734
23015.011
22694.506
22621.489
21408.364
21570.305
20712.386
20766.808
21218.736
20332.039
20856.340
20098.740
19924.518
20492.288
21037.307
21970.210
23050.906
23903.936
23898.654
24247.258
23041.039
22975.455
21742.122
21186.020
20880.754
20256.148
21659.391
23003.356
22295.280
21204.963
21518.737
21327.911
22053.432
21263.995
21410.632
21465.681
21623.545
22517.863
22384.896
21872.282
21681.915
21496.867
21950.665
21538.817
20724.978
19752.283
20421.988
20077.623
19732.990
20191.426
20614.033
20965.798
21483.274
21713.873
21034.282
20260.671
20352.358
21367.731
21921.595
21698.497
21388.828
22449.089
21880.696
22304.015
22343.366
22141.094
21715.637
22160.601
22090.171
22468.003
21727.020
22021.040
21230.348
21224.492
21012.027
21228.869
21371.508
19942.130
19225.059
19583.926
19821.091
18973.867
18141.309
18185.309
19262.820
18871.949
19233.854
19605.518
18976.832
19422.564
19810.793
20125.255
20713.660
20357.440
19989.435
19477.283
19672.170
19661.358
18733.290
18954.580
18561.661
19415.637
20651.071
20373.392
20008.532
20200.580
19789.178
19898.060
19404.499
20275.107
20209.047
20205.364
20809.684
19797.575
20108.546
20575.121
21497.022
21388.922
21398.574
20873.852
21428.099
22045.602
21532.229
20156.690
19606.105
19562.592
19350.993
19465.803
19920.059
20760.843
20545.759
20561.560
21598.746
20872.694
21307.117
21989.017
22266.259
22596.553
23847.219
23864.767
22974.468
23401.307
23612.369
24652.006
23752.009
23465.342
23753.029
23805.323
24103.467
25188.334
25521.954
25333.187
24264.024
23555.889
22880.398
21954.230
21834.505
22242.574
22275.309
21748.918
22851.596
23234.745
22020.022
21927.904
21536.063
23225.780
23277.225
23501.403
23687.624
25021.313
25846.371
24315.451
23979.084
22867.584
22777.369
23750.446
24481.412
23698.786
22751.647
22257.871
22108.074
21649.288
21849.700
22097.195
22094.971
22799.207
24161.858
24723.580
23426.185
23079.948
25168.629
25695.254
25092.060
25267.108
25012.588
26045.291
25607.531
24447.076
23744.321
23409.085
23074.924
22985.046
22737.326
24563.990
24894.708
26070.636
24485.918
24427.771
25284.529
26027.634
24970.896
24304.425
24144.903
23383.810
24480.518
25958.378
25785.108
26131.242
24464.654
24293.814
24381.582
25492.889
25014.182
24065.864
23856.762
23595.230
22694.232
22181.115
23769.661
24313.456
23200.398
23477.891
23133.559
22554.164
22836.548
23357.008
23984.049
22837.247
21890.156
22241.516
23354.914
22866.390
22978.363
