23006.780
21941.038
21690.762
22989.476
24756.179
23424.115
23057.797
23230.184
24411.564
23646.822
22635.182
22622.494
23080.283
24244.249
23954.731
24846.517
23160.430
22298.668
21937.901
21490.542
23187.439
23333.494
22763.489
23725.577
23609.032
23124.313
23247.307
23062.595
23571.625
25077.306
24762.482
22647.818
23432.544
27073.528
25208.791
25360.777
25390.124
24650.367
23891.509
22890.597
21699.922
21720.524
21915.939
20932.263
21110.023
22536.135
23278.100
21872.134
21448.576
20688.410
21551.292
20438.657
19243.916
19722.138
20552.282
22225.653
21985.701
21531.420
21531.519
22315.976
22395.719
23213.351
22388.094
22620.319
22344.509
21169.204
20107.371
19841.466
20521.557
20790.222
22458.884
22965.685
20640.981
22762.127
21788.308
22173.201
22054.398
21427.782
21323.945
20180.882
19495.726
20430.618
21487.256
21686.641
22553.461
24028.558
23619.279
22220.919
21703.299
20659.282
19493.828
20932.793
20583.444
20612.788
20241.342
19812.417
19582.183
20077.090
20454.065
20597.632
22132.395
21888.537
20884.474
21258.212
22336.265
22092.725
21568.316
21896.768
21398.432
21091.263
22276.823
22617.298
22614.377
20836.015
20513.811
21920.742
22178.135
23001.175
21996.378
22125.059
21799.448
21612.634
22269.218
21624.128
20963.321
21561.523
21853.241
21532.579
20863.773
21606.284
22090.818
20469.349
20469.302
20750.674
20711.762
20236.355
19825.618
19593.639
19749.163
19462.273
20338.799
19757.638
19760.923
19309.646
18969.975
19352.975
19658.160
19097.657
19673.583
19714.906
18653.456
19402.092
20082.428
19900.750
18907.758
19407.996
19872.805
19523.546
19858.110
20609.634
20746.801
20184.793
20407.037
20055.167
19369.057
19620.544
20068.463
20194.521
20353.642
20859.530
21564.165
22767.496
20963.896
20646.784
19888.208
21114.370
22174.136
21457.790
20787.280
20373.776
20543.017
21246.821
23040.516
22977.762
22000.005
21698.021
21514.622
20238.461
19628.328
20193.899
19825.511
19559.834
18503.940
18188.750
18658.392
19162.989
19687.760
20178.490
20561.567
20115.590
21018.830
21468.909
21504.871
21222.607
20058.966
20168.622
20358.782
21305.764
20978.324
19886.452
19017.965
18789.788
18590.742
18038.562
17590.619
17556.986
17457.105
18332.108
18952.011
20227.255
19928.152
20208.902
19421.433
18971.616
18731.842
19062.789
19368.585
19827.902
20230.335
21104.240
21878.197
21800.903
21351.757
20584.309
20438.378
20961.244
21710.396
22632.676
23305.395
22123.615
21162.778
22401.342
23047.046
22163.269
22198.911
22411.353
22238.985
22175.053
21697.595
22755.304
22911.446
22393.069
22830.646
21535.447
21759.405
22538.247
22012.632
22037.366
21597.920
21619.933
21410.781
21313.006
21735.753
22691.611
23516.270
24439.961
23364.544
23465.902
24667.467
25846.799
25036.173
24183.678
24286.191
24833.990
23653.622
24245.234
23185.967
22862.128
22501.082
22107.632
23536.670
21713.313
21008.460
20769.916
21521.494
20278.932
20273.050
20337.512
20845.702
21622.648
22404.816
23803.292
23652.862
22947.059
22454.055
22029.216
22191.901
22908.900
24029.077
24516.338
23662.627
23685.296
23452.356
23138.633
23905.508
24365.327
22630.216
21503.595
21389.971
21721.829
23035.109
22380.259
23257.353
23732.711
24364.085
24388.590
23737.025
23880.379
24190.520
23670.409
23548.113
23282.985
22500.782
23573.550
23771.013
23886.504
23783.080
22663.673
23089.255
22218.232
22498.385
23100.182
24559.199
24093.795
24612.420
24858.245
22777.981
23667.612
24059.824
25806.101
25524.274
25173.551
24647.726
24069.762
24852.624
24370.122
24444.525
23414.054
22959.709
22951.455
21973.947
22485.934
22858.017
22476.742
23092.375
24032.311
25973.836
25667.137
23483.115
22500.839
23400.050
24554.156
23444.059
22981.077
23541.738
