24853.264
25049.395
24169.458
23991.803
23679.602
23253.471
23592.705
23588.162
23255.880
23163.136
21489.401
19775.082
20901.016
21454.193
21842.904
22125.788
22633.717
20507.535
19832.489
19633.323
19143.186
19872.871
20565.583
20943.514
21233.824
21004.977
19343.687
19661.725
20108.395
19781.104
18868.383
18564.683
20092.164
20798.989
21309.018
22769.764
23271.374
21054.740
21086.384
22302.319
22886.985
23016.404
22936.071
23954.498
22636.133
23138.376
23339.906
24571.088
24072.410
22836.255
25131.121
23786.619
23219.187
23909.142
23417.951
22321.672
23552.486
23520.112
21900.056
21664.255
21271.715
21347.046
20314.474
19734.636
20113.835
20356.136
21488.667
20965.456
20816.658
20792.006
19984.885
20415.640
20643.710
20616.233
21096.383
20794.066
21350.791
22357.758
20221.599
21212.596
22448.129
23772.504
24022.903
23384.122
23112.777
23053.342
21837.963
22702.401
22074.818
24389.319
23966.950
23882.700
23765.536
24158.268
22844.199
21911.406
20736.362
21217.260
22251.971
22297.093
23039.198
24751.988
25544.119
24267.541
22987.030
23558.257
23357.375
23197.762
23437.773
22853.525
21902.398
21743.629
21024.709
22374.480
23199.015
23844.087
24478.572
23042.461
21627.120
21441.902
22524.960
23028.799
23290.731
22258.524
21025.781
21431.121
21670.605
22488.400
23006.572
22534.443
21868.543
21267.422
20345.370
20616.721
21128.484
20843.036
19811.646
20484.486
19838.102
18877.769
19054.827
18572.495
19252.698
18925.951
19505.919
19744.752
19366.830
19891.970
20682.635
21442.976
22165.359
21618.813
20515.373
20245.166
20178.132
21293.099
22174.114
22380.390
21635.965
21596.652
21816.871
21006.749
20469.105
20183.081
20013.093
20686.966
20136.029
19186.369
19295.760
19558.392
18914.821
19383.537
20006.114
19290.514
18329.488
18399.036
17899.915
17542.484
17588.192
18364.223
18875.903
18569.674
18566.131
19473.893
20234.723
19836.233
20481.235
21094.205
21365.407
21331.626
22020.918
21760.580
22078.489
22074.003
22291.273
20753.825
20301.822
19960.855
20138.551
19871.970
20323.904
19208.974
18700.546
19306.815
19038.759
19817.274
20183.447
20010.324
19116.848
18521.661
18346.578
18813.265
19548.740
20580.098
20587.214
19062.206
19335.399
20041.587
21137.901
20770.926
20290.819
19491.179
19671.144
19531.043
19835.395
19327.874
19128.483
18531.727
19223.857
20459.641
20338.732
21514.866
21668.111
21116.021
20862.609
20653.769
20857.854
21719.459
22034.993
21185.469
20839.232
21331.738
22590.084
22925.351
23545.589
23955.760
23640.553
23095.379
23529.930
23929.985
23491.281
23309.944
24353.160
25174.869
24944.071
23593.042
23000.051
23461.633
23756.349
23258.770
23099.760
23763.666
22706.407
23054.727
23463.505
23038.434
23949.444
23961.052
23922.392
23282.050
22889.724
23637.471
24299.069
23121.879
23704.972
23832.832
22882.314
23310.755
24009.122
22884.637
22970.161
22647.702
22755.073
22639.260
22421.397
22716.719
22723.028
23115.920
23283.319
23204.663
23361.369
25618.845
25286.788
24807.223
24756.957
25376.503
26130.150
26272.833
25808.841
26498.051
26249.561
24954.051
24092.894
23736.950
23061.082
22532.501
23075.739
23266.611
24087.963
23742.383
23652.682
23884.779
23995.986
24801.059
25218.260
25019.010
23949.365
22750.195
23861.911
24242.718
24063.934
24550.955
25138.263
26689.292
27102.564
26555.208
26821.800
25975.153
25860.550
26045.347
25248.227
26506.433
26759.643
26426.737
26599.194
25622.677
25895.884
25255.757
25154.935
23930.658
24341.388
25369.936
26716.775
25745.871
26112.857
24706.096
24728.556
26920.864
27062.583
26096.583
24699.180
24377.611
23415.773
23101.817
22581.826
23274.204
23415.153
24222.243
25501.462
25046.787
24898.779
25807.054
25147.949
24519.684
23912.487
