33.145
31.622
36.256
41.867
41.421
37.767
43.518
52.317
55.431
53.967
52.468
47.408
44.056
29.778
25.842
41.583
53.445
59.291
43.697
38.225
46.458
50.544
63.857
45.305
44.966
56.297
48.002
35.155
33.347
32.317
45.121
41.998
54.058
38.881
48.242
56.713
75.856
69.588
57.629
49.580
52.539
54.123
55.632
56.092
52.908
61.435
49.481
51.865
49.877
63.883
68.645
51.727
64.140
59.853
52.087
53.238
60.839
56.389
53.210
36.220
43.489
53.604
66.908
61.130
60.933
50.604
46.404
45.261
46.919
33.661
55.133
41.510
23.872
38.220
58.980
50.895
31.374
24.794
33.641
42.435
58.888
45.223
48.923
52.977
46.566
47.979
53.716
50.112
56.326
67.335
68.803
52.416
39.189
33.537
44.596
44.259
49.630
53.274
54.168
63.967
55.375
42.184
31.178
41.752
53.584
64.156
65.723
44.955
47.531
39.327
38.055
35.510
39.566
48.639
64.608
73.544
65.303
59.010
51.856
47.238
45.236
45.716
38.832
44.100
55.411
53.991
55.164
51.912
54.478
48.597
42.324
38.431
43.487
34.369
40.090
42.984
45.466
36.093
38.367
44.511
47.374
33.851
35.854
33.182
53.536
49.963
45.544
46.518
23.726
24.331
29.419
31.730
37.454
35.479
37.195
37.748
47.020
34.116
44.706
32.680
42.098
52.695
44.621
39.670
52.648
48.784
38.710
37.007
59.942
34.900
40.682
48.992
32.328
22.954
34.776
44.377
35.799
32.823
30.814
27.040
21.438
16.813
21.932
24.127
23.018
32.820
32.269
36.261
33.591
31.091
38.449
41.366
56.505
61.060
48.209
35.635
41.630
37.279
39.752
43.451
39.770
36.593
42.219
49.128
54.025
40.045
42.512
41.085
34.731
43.994
47.132
37.557
42.385
28.321
33.938
24.782
37.853
40.324
42.652
27.886
32.141
42.191
42.882
49.122
36.888
41.962
41.831
43.419
42.707
42.002
37.981
48.616
44.431
38.289
34.865
45.187
34.161
30.162
42.084
45.729
44.480
46.605
45.428
47.437
35.955
60.173
46.841
37.532
36.131
40.892
58.227
40.978
33.796
57.028
48.959
40.663
44.068
41.345
50.365
51.253
56.631
41.634
39.261
41.422
55.003
52.666
33.141
33.257
33.921
47.539
74.152
55.618
54.383
55.756
49.620
51.234
53.033
52.163
51.211
54.576
47.839
38.460
44.377
62.046
55.741
45.969
34.110
37.234
44.625
40.988
44.512
34.123
31.064
40.377
54.299
44.498
38.315
44.120
35.518
46.304
28.465
20.331
23.492
34.082
44.439
38.827
52.479
44.723
41.743
46.792
45.571
57.944
64.819
48.043
31.717
35.050
46.617
58.166
69.091
74.148
53.769
42.187
56.924
54.445
46.182
37.958
43.307
53.885
49.452
42.796
45.443
41.190
44.160
47.788
49.299
44.761
44.725
42.855
43.408
48.530
39.141
36.096
39.820
39.501
39.528
43.984
50.659
37.369
50.501
45.915
55.845
54.300
51.348
51.074
57.619
56.236
47.351
58.162
55.406
49.223
48.818
60.579
69.861
75.738
62.672
