32.956
54.657
52.389
53.441
47.266
47.575
40.840
34.361
38.752
38.409
37.489
40.169
35.484
34.115
56.506
39.462
46.743
42.874
39.559
42.551
47.812
52.311
46.548
48.208
47.068
47.792
37.951
44.623
59.908
59.815
63.158
59.933
49.998
65.290
57.689
46.893
48.922
55.161
55.984
53.260
44.157
58.426
51.161
51.398
34.391
43.677
62.388
41.117
50.090
58.301
34.387
57.167
49.778
49.151
49.238
50.652
51.860
46.187
50.188
53.331
50.100
45.540
43.260
48.678
43.768
49.882
57.818
57.479
53.013
40.636
49.860
61.985
75.819
75.556
67.827
59.132
50.910
50.198
41.107
44.502
40.434
45.026
42.846
42.455
40.267
38.931
42.832
40.156
46.594
51.765
60.488
70.708
73.037
67.862
61.227
46.861
45.694
62.011
51.170
43.194
49.673
43.936
35.917
54.082
41.240
43.136
50.274
57.409
28.237
36.315
41.218
60.701
66.913
61.019
55.477
47.595
40.302
40.552
39.692
41.498
43.901
46.430
42.040
35.094
43.279
41.694
39.029
46.510
47.459
49.150
45.054
40.609
41.897
47.149
44.822
53.992
47.515
51.866
46.987
47.042
50.935
49.291
55.517
55.927
48.926
45.913
48.469
46.872
47.335
49.592
46.093
36.121
38.425
44.579
52.181
49.195
41.255
36.433
45.098
40.782
35.387
29.551
47.028
49.312
45.494
51.115
43.186
40.319
44.664
38.397
44.525
38.638
38.533
41.240
40.868
36.114
36.531
42.797
36.056
42.027
22.358
27.629
26.112
32.067
30.506
29.738
28.803
34.535
22.227
30.786
21.859
20.861
22.884
29.746
51.061
44.679
29.031
27.637
30.726
28.570
26.950
26.668
20.002
22.332
31.747
42.120
46.760
41.923
47.829
30.929
48.744
43.664
38.992
47.416
37.967
29.893
33.812
32.592
33.548
31.854
50.205
52.451
47.524
36.650
43.274
33.903
34.483
34.863
31.424
38.089
45.648
45.352
29.503
21.594
30.062
33.927
34.681
27.822
33.311
32.337
29.232
27.735
31.774
59.443
45.826
33.967
33.001
44.761
47.968
51.174
45.795
37.220
33.359
44.627
29.221
28.232
28.229
34.400
40.355
51.838
54.573
42.053
33.774
59.360
56.483
47.370
35.569
31.749
29.725
29.139
35.668
40.186
53.873
55.669
49.931
30.953
38.779
31.476
45.545
45.010
24.322
33.419
60.914
47.782
40.356
38.973
37.247
58.524
46.330
57.104
44.434
36.826
38.157
35.385
44.259
34.324
36.224
49.491
42.143
41.778
58.299
40.435
39.705
40.058
46.642
53.837
45.107
40.495
72.584
70.532
60.502
51.215
28.748
61.215
51.307
40.114
35.558
37.235
68.232
62.683
68.881
64.826
63.692
61.876
49.092
50.225
46.638
46.919
43.187
48.171
57.405
60.334
61.857
76.625
55.638
46.271
60.969
50.421
63.627
70.996
52.235
50.268
50.083
40.698
41.787
42.587
46.771
51.816
52.709
70.108
43.760
31.277
41.580
36.912
50.448
44.661
39.246
60.252
40.114
58.608
58.484
54.623
28.729
33.970
32.504
