69.336
61.668
57.449
54.208
54.155
69.827
49.729
44.040
37.859
47.694
44.942
54.632
71.163
50.772
73.837
61.654
47.850
56.131
66.763
78.677
71.175
49.540
40.625
40.078
61.972
43.033
43.068
50.272
46.793
50.206
46.239
39.283
46.250
51.202
47.090
69.035
55.011
74.875
70.816
55.342
41.848
47.944
56.575
57.450
61.560
65.540
65.802
60.180
53.727
46.647
48.824
50.492
55.264
46.139
40.166
40.616
46.229
41.645
46.147
40.961
34.677
50.333
40.977
47.281
41.506
41.852
33.566
53.174
48.584
56.501
56.647
53.871
37.102
39.957
47.828
40.148
47.321
53.659
48.438
46.667
52.825
49.077
52.488
52.436
33.556
28.240
51.928
65.431
49.001
54.706
51.435
47.493
42.546
38.513
45.442
37.424
39.874
43.681
47.205
45.610
30.764
33.731
40.182
49.526
55.050
47.417
40.393
40.709
44.054
54.207
55.876
59.566
63.300
57.623
54.763
58.216
58.846
67.828
69.465
60.981
63.652
57.565
43.822
56.063
50.862
37.039
43.483
48.176
50.977
53.844
49.155
46.013
49.079
53.586
41.130
39.889
39.070
41.220
45.164
40.654
45.239
42.794
39.426
53.969
44.194
43.359
42.275
39.650
32.635
28.546
29.263
29.399
40.286
44.281
31.693
43.589
37.243
39.186
40.390
42.095
44.526
47.355
43.404
55.555
65.214
43.689
36.993
57.317
49.591
50.243
42.392
41.851
30.992
32.781
32.688
32.556
29.211
40.126
32.183
32.479
46.993
40.450
45.567
35.629
33.383
33.162
32.311
43.723
36.002
41.655
33.894
26.607
33.518
45.838
45.090
43.886
43.817
35.839
40.190
38.042
40.761
28.852
27.068
34.436
41.071
48.798
47.507
38.288
36.230
33.193
33.129
35.862
34.989
38.002
41.121
44.832
37.603
33.519
24.728
23.539
26.734
25.549
29.162
34.921
33.703
47.510
48.010
35.913
38.680
36.099
45.468
44.508
50.997
51.520
37.803
33.365
47.276
53.432
32.975
18.933
27.974
30.513
29.628
22.871
25.391
38.742
30.709
46.867
40.495
31.058
38.454
36.243
25.967
40.366
44.585
37.275
45.786
27.372
25.736
36.328
38.894
41.509
67.940
71.327
56.651
34.573
39.215
36.501
42.814
40.891
53.169
37.002
43.153
49.284
45.368
48.012
53.384
53.661
53.437
44.362
38.931
36.203
60.528
66.162
61.593
64.409
66.581
57.870
56.453
50.848
33.226
48.022
40.385
37.486
45.628
43.781
37.407
33.296
52.351
37.828
38.692
38.844
51.843
68.198
69.758
77.267
45.590
45.975
52.786
47.267
35.068
24.693
35.182
44.893
34.222
42.354
50.861
39.079
26.134
38.821
37.044
54.621
51.892
50.811
68.924
65.007
40.947
50.994
52.031
46.509
47.231
72.406
66.912
45.361
49.706
48.135
60.142
45.793
40.397
35.432
46.390
52.889
57.784
52.245
44.449
52.579
61.387
61.748
69.009
70.324
64.350
45.233
53.007
52.211
51.134
66.786
73.568
50.202
49.226
42.555
36.990
49.743
56.135
54.317
52.958
