30.180
32.517
36.422
40.785
39.653
53.437
58.983
58.981
63.648
28.864
49.226
53.925
39.359
46.013
78.941
59.820
43.258
48.444
52.657
52.014
45.298
43.056
42.219
43.592
46.758
55.292
54.280
53.552
66.078
61.744
43.182
40.934
47.536
50.457
54.066
51.266
72.010
70.837
51.119
39.177
33.732
36.259
41.745
38.390
47.061
52.964
48.692
34.810
55.707
76.601
57.322
34.428
39.357
39.987
33.981
66.029
68.560
61.348
65.544
47.070
48.192
41.449
42.420
35.160
44.541
46.560
35.195
42.976
71.349
48.928
43.694
42.179
50.894
48.583
41.420
42.063
45.516
41.337
37.937
54.194
45.316
44.426
67.936
57.083
52.141
56.616
44.638
43.293
48.559
47.568
63.158
64.208
67.239
64.767
58.046
47.976
46.359
60.248
56.800
53.677
36.114
45.930
61.218
50.136
40.920
42.567
46.689
54.272
40.345
41.223
38.642
42.236
45.732
54.745
61.468
66.659
53.807
58.901
54.450
41.714
43.278
43.787
53.151
50.460
41.582
41.526
42.300
32.658
41.534
34.756
40.350
34.432
39.446
35.129
50.495
48.868
36.793
38.176
43.578
46.502
45.974
44.478
42.551
38.512
38.174
38.344
33.855
35.515
52.365
47.533
47.698
46.545
40.313
41.343
45.185
54.221
47.445
39.095
49.838
52.283
36.735
31.530
30.519
32.403
35.427
30.002
29.988
31.227
30.040
32.086
25.353
30.303
27.036
33.344
30.678
47.994
52.356
33.954
36.690
36.104
36.771
34.746
41.149
30.582
30.524
39.046
40.332
31.296
28.269
25.272
26.106
44.670
52.931
50.931
40.933
36.921
31.432
40.163
24.761
33.530
26.201
23.498
27.132
30.684
24.442
31.607
39.296
40.574
35.404
35.872
43.132
45.136
55.378
38.177
39.827
41.371
38.868
31.699
43.414
42.167
35.293
35.927
40.603
39.011
46.041
36.935
59.333
61.475
31.742
38.959
32.812
33.964
34.855
36.993
53.170
53.177
48.618
32.770
34.339
40.999
47.442
33.755
36.142
22.878
34.635
38.002
36.562
41.740
54.112
69.379
48.751
34.487
34.753
37.740
33.807
29.141
39.957
51.391
62.922
47.732
60.329
48.748
60.779
69.053
46.490
23.757
24.612
29.461
32.582
43.231
61.458
57.930
50.862
58.178
53.075
35.481
19.236
35.112
36.027
69.341
59.189
46.393
44.579
41.861
55.270
50.907
43.154
43.739
51.481
53.604
51.282
29.083
41.669
80.161
73.356
65.694
55.409
71.405
66.139
57.739
29.376
47.070
46.632
42.276
52.850
38.918
37.402
38.334
44.024
53.364
38.629
37.241
26.142
31.772
50.770
41.698
44.586
46.747
38.119
30.938
31.138
50.458
46.859
42.446
43.058
55.350
45.655
42.431
47.510
36.964
40.170
40.239
31.013
33.542
33.173
33.795
46.355
38.423
31.125
38.634
42.673
41.572
39.252
50.298
43.158
38.463
44.067
51.691
52.836
50.618
51.482
58.565
39.472
60.247
71.362
46.536
28.170
38.577
70.415
43.083
34.778
36.098
49.955
51.510
41.182
