44.574
58.794
50.121
36.961
61.609
57.951
42.376
37.725
33.725
41.781
46.255
58.604
55.078
42.029
51.926
43.425
58.123
38.698
34.980
55.627
43.912
45.292
43.748
38.838
51.436
60.059
38.420
58.917
68.449
44.573
48.411
45.180
42.562
44.782
42.766
42.256
46.339
49.656
55.466
50.443
48.520
44.321
42.402
52.710
39.016
33.045
48.785
47.146
48.511
53.398
44.213
42.492
49.627
40.500
39.944
38.786
44.156
57.730
63.079
45.318
58.215
60.343
55.682
42.032
45.115
42.170
42.828
41.113
34.611
30.972
38.168
44.973
54.405
58.099
55.475
57.710
50.942
48.799
47.868
53.144
60.912
50.989
33.296
34.552
44.891
53.729
49.513
55.178
49.590
48.592
43.700
35.900
47.391
51.126
51.368
43.601
41.095
41.096
46.350
60.776
52.066
50.788
48.851
46.819
51.197
55.490
40.903
34.267
33.372
38.525
38.065
31.933
31.046
34.612
36.073
36.438
36.159
33.155
35.737
39.876
38.905
37.502
42.334
47.033
51.043
44.321
44.644
45.453
42.557
43.751
46.062
49.479
43.753
44.861
34.297
34.267
46.238
47.634
49.509
42.208
39.614
37.895
42.215
43.314
36.486
43.065
46.822
42.816
47.203
33.809
35.996
41.308
36.658
36.548
44.909
34.870
47.094
44.059
37.640
37.313
37.537
42.888
40.592
42.840
52.803
46.364
45.739
47.370
45.903
45.892
53.332
47.310
39.378
34.312
37.601
35.698
36.105
44.702
51.321
58.562
56.886
37.313
43.789
23.880
33.519
48.100
46.186
34.963
29.777
45.500
43.835
41.248
33.485
26.471
33.965
32.323
36.498
46.607
48.319
40.566
40.692
41.098
38.092
36.873
30.458
41.906
50.304
39.846
28.025
28.863
46.925
49.755
61.475
61.179
53.534
50.849
56.846
43.388
37.222
42.906
42.559
37.755
31.942
40.068
38.355
40.410
53.933
52.340
36.958
41.397
35.125
42.870
38.102
33.999
29.685
40.994
36.387
28.544
46.991
58.983
53.748
48.272
37.214
34.996
44.421
41.495
40.748
40.711
54.698
59.662
43.564
34.225
42.842
45.656
44.042
63.812
70.427
63.896
59.858
52.417
48.050
50.021
41.971
41.750
42.739
36.575
58.453
54.948
37.102
33.614
30.979
26.614
28.016
33.962
34.997
39.718
47.189
48.183
40.321
38.045
38.733
40.658
52.671
38.288
37.762
37.902
45.189
54.811
64.943
42.922
35.234
48.492
46.236
38.160
48.206
50.534
58.970
46.614
49.658
52.877
43.356
38.374
27.856
39.521
37.490
38.262
36.793
42.434
35.826
32.766
34.090
41.394
42.456
41.552
37.952
57.647
51.525
42.029
55.998
46.811
37.790
38.907
57.143
65.659
40.832
30.674
34.319
53.144
58.522
54.251
46.419
40.908
44.535
47.647
41.672
45.298
43.391
52.458
49.445
69.254
67.724
44.690
45.504
45.486
40.128
38.138
44.253
38.383
50.889
52.320
43.443
49.865
58.638
65.329
49.610
40.237
30.326
31.049
49.203
51.613
46.685
59.245
45.973
45.936
