65.810
63.615
39.356
40.636
43.345
37.849
41.009
49.583
54.528
47.018
49.019
45.197
50.087
35.734
50.371
63.887
59.150
49.301
52.469
64.945
60.188
56.921
57.361
58.894
45.986
42.938
53.785
52.383
56.096
57.296
49.063
46.516
49.821
57.166
56.100
61.190
59.880
82.559
66.968
42.255
40.531
46.577
45.642
48.312
62.818
68.682
64.455
53.681
50.336
55.059
58.889
52.200
56.580
53.144
58.898
55.785
63.116
61.358
48.476
56.367
46.428
58.695
63.436
66.442
58.509
60.396
53.421
55.011
68.659
73.495
70.640
66.456
41.627
53.122
45.460
38.561
34.912
47.909
46.176
61.004
56.964
64.837
57.817
52.343
46.784
40.451
39.219
54.141
53.820
49.239
51.228
43.835
41.142
46.247
41.371
51.930
43.874
37.260
29.448
36.384
53.534
52.898
56.165
54.100
51.522
40.446
39.467
38.851
38.828
42.180
43.616
42.652
51.397
60.288
52.396
57.906
54.748
49.514
53.755
54.784
46.889
46.823
46.163
52.425
45.521
51.654
49.273
53.962
58.990
62.623
56.117
52.613
40.908
42.026
52.399
47.092
44.363
46.834
52.647
48.354
38.470
41.819
39.592
40.982
41.490
38.560
37.401
57.251
54.181
55.074
45.868
62.406
34.811
30.521
39.794
44.143
51.406
43.811
47.220
46.455
36.650
41.757
41.762
42.746
38.373
27.568
28.357
29.030
35.615
36.103
45.204
39.112
40.576
37.482
39.024
38.511
41.823
43.891
40.117
37.450
47.918
46.993
46.208
34.634
44.141
42.125
35.482
41.589
44.827
41.201
38.750
27.855
33.258
34.974
60.074
58.694
46.786
34.398
28.918
23.112
21.922
31.366
23.980
32.872
43.472
36.838
32.166
32.776
30.330
31.849
39.831
35.382
45.647
37.727
36.079
30.173
32.965
28.953
43.597
39.930
32.773
30.661
31.529
39.873
42.795
32.112
29.270
23.504
29.488
31.780
38.975
40.105
41.455
36.383
27.694
42.394
36.755
35.879
32.116
35.031
38.289
39.378
38.174
38.895
44.870
47.314
40.824
43.237
49.401
48.658
47.584
40.389
44.162
37.643
49.102
55.151
37.081
43.131
40.416
30.516
29.202
37.241
40.119
35.469
37.040
35.992
46.465
27.193
39.425
40.880
43.987
49.125
65.655
63.294
32.364
48.962
45.454
43.040
47.403
55.653
53.089
52.294
43.043
43.055
39.174
44.237
36.805
27.710
37.202
49.089
44.650
37.841
37.804
41.948
50.961
47.311
39.777
41.734
47.084
33.628
54.175
38.540
37.288
52.420
44.196
55.793
45.851
46.316
47.365
45.862
65.067
59.235
63.170
57.962
38.950
43.643
53.865
60.829
57.604
60.224
62.314
47.666
49.580
45.340
60.147
55.368
49.438
47.916
48.691
43.790
66.130
52.853
41.770
60.112
70.628
52.714
68.248
52.206
50.681
46.308
61.592
66.882
52.018
53.297
53.240
48.351
44.404
41.000
63.733
64.084
56.509
43.827
40.743
44.115
39.261
43.709
51.210
54.561
45.902
52.562
48.150
42.642
47.240
53.915
52.190
51.473
