40.327
48.809
56.083
47.489
42.229
44.902
30.133
36.521
50.630
55.067
55.853
62.527
63.670
57.329
66.363
66.549
59.316
43.925
40.912
46.581
41.154
43.123
47.327
53.248
51.416
61.449
56.562
67.147
49.533
49.013
61.795
39.005
59.399
48.742
45.119
66.718
58.851
52.295
53.545
51.950
41.738
43.389
69.290
73.656
74.503
70.600
53.373
53.114
45.301
54.370
81.283
58.327
53.448
62.232
52.377
34.743
57.217
81.657
74.079
66.861
43.962
46.450
48.126
59.022
64.083
69.894
56.013
52.413
79.333
60.159
44.013
31.540
41.621
53.906
54.840
47.270
59.331
44.963
44.001
56.437
36.369
58.894
52.220
34.181
45.522
42.199
30.371
55.513
49.677
46.177
54.288
59.867
48.384
43.217
43.210
56.205
67.475
68.696
59.502
62.163
59.576
48.496
41.601
43.198
58.143
46.824
40.860
50.201
50.484
47.801
49.475
50.268
50.001
55.785
57.406
63.809
60.115
53.171
46.008
38.801
40.489
34.524
33.151
38.784
50.066
50.844
43.016
51.894
57.256
57.540
37.226
35.654
36.783
33.092
36.566
37.236
30.629
32.379
36.236
31.360
35.929
36.968
40.394
47.831
29.035
27.400
28.029
43.507
37.175
35.941
36.847
41.064
43.643
43.944
37.206
31.137
37.811
35.334
51.946
45.963
31.553
36.644
37.939
48.376
50.779
44.767
42.407
37.011
34.009
48.464
35.370
34.527
52.948
41.590
40.841
58.589
50.803
35.962
32.098
35.299
43.429
37.267
36.535
41.116
50.829
41.388
45.699
44.317
58.483
38.853
41.474
43.544
41.900
39.350
26.382
26.087
30.393
41.632
31.506
22.868
28.163
36.709
30.973
26.330
19.578
30.292
20.384
34.606
45.183
30.259
37.776
30.719
45.024
37.906
47.638
44.418
42.684
31.075
30.047
29.640
25.523
23.828
27.336
33.887
29.820
34.998
37.843
47.569
41.733
36.269
27.994
46.432
43.217
50.320
55.518
43.606
39.922
35.791
32.212
24.973
23.800
39.879
29.101
33.093
34.377
33.254
32.621
32.803
37.282
36.441
28.693
44.079
31.483
30.514
34.411
25.704
31.028
34.667
33.820
36.608
43.246
35.823
53.845
65.643
49.511
44.487
42.507
38.947
32.679
51.038
54.074
44.316
33.114
42.587
43.794
45.188
28.087
67.797
45.165
46.354
44.421
51.640
60.410
59.452
47.366
27.814
42.374
48.038
38.150
38.457
31.419
29.007
31.385
31.131
41.097
37.330
33.280
38.012
45.907
34.355
65.384
72.701
69.824
54.698
38.265
44.140
41.526
41.110
39.943
48.105
44.410
38.456
29.987
26.706
52.308
38.868
29.217
40.258
57.162
71.236
67.123
65.071
61.948
56.718
50.184
56.739
63.753
50.492
45.082
56.596
52.863
54.632
44.578
53.065
50.558
43.807
39.952
54.933
34.097
48.333
51.295
40.610
56.642
56.592
65.202
66.930
46.732
39.989
34.965
41.993
49.841
47.060
46.363
59.631
52.249
48.182
60.481
59.500
47.972
52.889
52.985
67.351
82.612
71.339
55.415
