42.725
54.120
49.987
47.306
49.964
70.510
70.457
48.301
46.571
35.449
43.917
47.235
52.840
53.173
38.868
37.534
38.559
41.902
34.948
34.706
31.616
36.442
53.251
49.710
52.343
39.750
45.357
53.919
73.092
61.432
40.667
43.100
33.858
34.681
29.332
36.007
50.422
50.988
52.417
63.164
57.425
49.634
64.848
58.166
34.108
37.376
43.589
42.957
46.704
37.993
43.881
39.474
40.274
47.854
58.205
64.245
61.468
43.390
59.148
48.162
55.495
59.134
33.637
52.162
43.797
37.151
37.532
37.314
58.781
67.111
52.720
49.144
44.989
49.933
55.062
54.399
55.219
57.937
50.496
47.666
53.076
41.163
48.948
54.902
55.382
51.771
49.103
56.831
61.351
57.797
53.032
38.214
35.624
42.755
36.497
39.500
41.584
41.611
43.469
44.500
48.307
60.256
61.136
65.893
63.099
54.920
49.034
47.788
44.582
46.756
54.847
55.011
57.073
58.827
63.678
56.731
52.876
55.569
53.058
56.504
49.669
47.455
60.311
51.306
47.006
45.396
53.377
59.602
61.912
52.125
47.889
38.481
32.792
38.149
51.380
48.022
31.051
28.607
29.845
28.857
41.400
35.867
35.891
37.765
51.696
64.672
56.577
39.485
36.319
31.151
36.128
38.179
38.147
40.053
38.045
33.113
29.266
27.729
24.735
23.880
22.104
29.512
46.368
52.497
38.271
38.138
48.181
39.061
44.176
38.131
29.252
37.652
38.268
35.901
31.575
48.138
39.080
44.896
44.986
46.963
45.856
42.854
45.679
54.778
43.411
48.472
46.189
46.247
52.780
38.335
29.336
53.209
28.106
28.132
34.515
31.662
29.980
28.780
34.713
32.885
37.690
36.091
33.762
36.893
33.327
30.534
36.807
32.165
38.177
45.178
37.616
32.860
33.951
38.389
30.470
32.013
38.633
34.712
32.621
38.271
44.855
45.132
51.205
44.740
46.081
46.196
29.198
35.870
42.713
47.228
50.053
40.113
33.669
33.450
30.446
35.400
42.888
47.647
41.031
30.919
31.913
26.396
61.927
60.296
59.595
60.193
60.945
48.270
37.966
43.161
53.644
47.242
49.416
42.888
37.485
44.142
43.012
45.967
37.294
36.628
47.932
36.537
36.246
43.167
35.449
43.904
37.285
61.403
53.290
34.866
35.436
47.218
23.555
41.979
65.310
54.044
43.024
54.231
53.843
43.347
44.839
38.743
29.072
44.851
50.350
57.296
44.016
48.058
31.438
31.018
32.357
45.706
65.356
53.155
65.343
45.743
39.600
39.054
44.777
37.405
45.532
46.110
58.315
33.790
56.578
63.446
39.187
29.874
29.990
42.087
48.363
48.461
32.431
44.330
47.562
38.193
43.343
52.516
50.970
60.159
67.294
43.895
54.175
48.059
53.813
55.306
53.231
41.345
48.939
61.605
44.893
37.550
49.298
51.928
46.895
49.949
50.904
50.230
41.716
46.052
28.499
43.512
42.290
50.217
54.213
51.901
41.086
59.251
74.854
69.348
40.302
51.465
49.507
67.299
56.054
62.464
66.148
54.999
45.234
52.792
45.735
53.902
33.589
37.150
41.319
