51.039
56.625
54.258
47.485
47.843
55.441
54.769
51.319
66.670
64.443
48.495
61.822
57.229
42.437
58.978
41.614
36.000
31.984
39.074
37.427
45.841
46.122
55.257
47.449
41.170
45.914
55.223
44.650
51.866
74.129
55.911
49.495
46.033
52.087
48.915
54.198
57.975
53.343
55.088
49.316
45.224
47.847
59.381
65.067
48.552
51.736
42.833
53.689
50.586
52.923
55.524
42.279
58.492
41.778
45.639
55.822
47.004
42.366
40.953
64.779
74.758
63.240
45.491
45.219
44.724
72.712
58.411
43.518
36.432
32.190
33.426
38.179
30.066
29.698
31.949
32.562
41.545
58.260
50.308
55.296
57.693
55.998
45.852
68.023
71.667
54.200
38.296
60.093
75.574
64.271
63.423
54.601
39.251
50.100
34.984
41.642
52.716
46.992
43.414
45.406
49.968
56.699
58.000
65.107
39.327
39.429
31.784
31.005
35.280
39.821
33.948
35.341
43.620
48.381
38.276
50.572
43.872
40.187
33.673
49.913
44.243
56.981
50.708
48.635
56.285
41.766
55.264
47.606
41.431
46.515
55.292
57.079
40.861
38.732
43.242
45.683
57.351
44.276
39.800
41.988
43.625
44.378
47.928
51.765
51.024
45.168
36.983
43.657
50.005
45.438
43.241
43.729
63.163
57.711
49.148
46.372
51.725
46.790
30.142
38.405
40.342
41.381
47.519
46.159
52.256
45.587
41.796
43.537
41.963
47.424
29.805
42.523
44.523
41.505
37.205
37.020
26.255
48.162
40.421
44.213
40.860
28.538
41.022
33.318
37.803
39.047
42.908
39.903
45.862
44.848
34.220
31.858
37.119
56.067
43.317
39.997
37.466
39.873
39.097
39.733
44.921
49.462
43.030
43.349
38.221
38.398
55.084
63.456
55.123
51.254
38.040
37.112
41.065
39.449
32.939
33.875
46.591
46.364
46.893
35.046
50.677
48.645
36.730
31.967
41.689
38.446
42.120
40.790
35.044
30.798
26.288
27.695
37.360
42.104
30.060
39.017
39.508
44.913
58.349
57.242
62.155
55.055
50.316
31.441
32.596
43.205
40.533
48.793
34.018
36.759
27.364
27.779
29.037
29.745
36.069
31.613
44.166
43.163
54.233
52.439
41.904
40.610
25.853
31.349
43.217
43.445
36.946
37.478
32.486
29.306
41.351
52.755
54.626
44.409
43.775
38.505
45.960
35.202
48.546
51.085
33.175
26.663
28.799
24.641
37.792
42.561
43.093
42.690
33.309
39.844
35.491
42.358
53.353
55.396
48.922
38.606
49.797
45.204
49.890
42.073
32.453
33.729
58.761
57.877
44.059
46.397
39.764
32.387
31.454
44.106
60.657
63.429
58.938
72.989
62.049
54.346
49.913
56.834
46.962
45.905
43.053
49.516
61.085
65.437
44.737
46.417
50.611
49.234
64.617
48.883
54.494
37.864
69.548
68.265
66.915
51.277
63.845
38.825
71.738
70.880
61.078
43.890
33.128
53.270
61.103
58.126
45.352
30.479
35.470
39.498
32.666
36.727
47.551
56.743
39.629
69.448
57.232
40.760
53.325
57.577
37.680
41.601
41.270
58.667
59.867
