52.730
42.656
41.891
40.146
59.349
61.751
37.108
37.699
31.873
32.246
40.236
45.914
50.322
48.550
39.008
38.229
42.362
39.894
41.910
45.676
36.629
43.561
45.926
59.901
48.336
34.628
32.665
42.105
49.204
39.215
43.604
44.736
35.840
41.665
47.625
53.889
60.769
54.568
37.692
46.698
44.316
68.628
37.365
35.705
42.059
53.096
33.509
40.150
47.662
54.537
56.996
66.113
60.656
49.312
44.034
44.062
52.307
46.419
50.087
49.183
49.164
40.519
51.367
36.947
35.530
52.237
30.519
39.899
47.132
48.173
52.509
45.683
43.811
45.998
39.086
35.979
38.940
49.018
38.461
57.323
69.646
64.676
57.072
51.600
40.372
48.574
59.819
57.444
56.046
50.007
55.917
51.418
54.163
58.917
52.991
41.327
39.402
45.970
31.586
51.777
52.651
41.239
43.545
46.221
40.510
38.941
32.717
44.961
54.949
66.074
67.800
56.977
54.156
54.450
49.601
42.355
52.293
53.453
52.987
56.076
54.171
57.353
58.357
61.993
68.201
54.209
49.618
54.858
61.628
57.746
45.241
41.573
41.898
38.080
46.254
40.826
41.313
40.223
43.995
45.797
37.183
36.798
33.346
33.984
36.746
48.574
52.927
57.258
49.612
49.490
38.937
43.745
45.742
34.966
42.062
34.690
51.986
47.914
42.747
38.086
33.025
30.131
37.200
38.981
52.758
43.782
36.493
43.923
32.646
40.936
53.085
38.310
23.344
34.479
37.632
33.287
31.360
26.790
29.033
28.840
41.270
30.489
34.816
28.071
48.046
43.520
29.426
31.440
29.647
40.119
49.996
48.344
44.786
53.331
35.847
36.745
44.113
47.368
40.541
33.639
38.028
36.735
30.891
38.208
37.955
33.373
27.040
30.777
36.218
60.817
43.037
52.226
36.796
35.597
30.893
36.729
36.477
39.728
38.374
44.090
30.785
38.405
41.069
51.187
45.666
43.383
40.137
21.909
36.174
28.776
29.371
29.469
36.251
40.418
36.869
35.312
46.942
48.354
42.131
37.270
32.098
30.533
37.462
28.693
27.888
45.322
33.402
43.422
61.985
56.165
59.262
53.104
31.271
25.854
38.748
39.849
46.470
65.354
50.098
43.742
32.874
38.762
40.821
34.955
33.353
39.755
38.072
30.523
28.937
25.059
23.713
36.278
73.235
72.799
46.855
32.507
35.191
49.403
41.527
53.374
37.906
62.524
68.233
53.910
45.915
28.538
28.682
34.514
29.167
30.590
37.680
42.582
42.348
37.594
30.472
35.028
26.582
41.943
40.548
52.008
66.242
70.997
39.178
53.552
50.065
62.708
43.275
41.346
38.574
60.484
47.857
72.415
66.646
60.475
49.151
40.629
54.590
50.850
49.658
45.095
46.240
51.040
47.962
43.771
54.480
42.536
39.024
41.940
41.938
46.440
57.486
49.687
50.631
59.140
50.036
40.168
47.244
58.443
57.217
47.060
35.923
35.640
41.880
43.736
48.234
38.706
42.179
42.027
51.804
45.035
35.907
42.889
54.697
42.522
45.691
45.904
42.926
40.851
47.986
47.984
60.163
62.797
67.023
41.548
