42.511
46.244
40.070
38.262
37.205
33.318
59.851
49.209
60.984
73.279
50.576
62.004
51.399
49.917
52.955
61.482
50.748
49.780
43.943
44.118
43.117
66.987
61.328
58.941
58.688
33.638
53.664
37.603
44.613
33.184
58.224
57.332
42.230
41.885
43.316
35.446
59.594
64.509
59.769
53.610
46.023
43.072
37.064
40.210
43.678
61.958
52.666
66.274
36.659
62.695
64.421
38.476
41.494
41.233
63.619
49.158
46.673
66.021
73.754
62.503
46.568
45.267
49.788
46.219
43.361
34.526
36.472
53.655
63.267
56.111
62.201
61.168
55.216
50.065
47.185
52.626
64.054
48.010
48.105
50.476
33.084
48.909
49.125
52.962
46.905
57.976
67.461
57.424
38.647
45.601
74.671
68.254
55.563
53.966
48.630
56.936
51.761
51.017
52.509
46.590
55.858
47.992
45.880
37.465
48.724
69.505
45.955
51.021
49.624
47.544
58.659
50.599
46.381
56.489
53.327
45.629
45.833
39.977
42.830
32.980
25.201
28.220
34.903
34.186
37.380
38.340
30.266
42.223
37.170
41.954
42.703
48.236
48.857
40.846
43.199
34.520
41.604
45.790
48.089
46.932
33.364
22.877
36.335
47.929
41.616
36.189
29.271
40.717
35.127
34.475
50.353
30.551
24.470
28.752
28.801
33.335
40.302
49.346
37.653
37.226
47.008
48.768
36.540
31.989
34.934
44.076
43.250
48.972
55.438
48.913
42.250
29.059
30.090
26.832
24.512
32.227
40.303
41.029
27.034
31.389
33.149
37.451
47.666
44.491
49.889
43.145
52.128
55.131
46.084
34.853
37.765
28.964
25.225
34.791
31.744
43.114
33.858
30.502
52.438
58.301
56.251
50.450
32.646
34.990
38.849
27.454
33.324
28.302
29.211
26.818
31.348
30.426
25.728
25.602
24.715
24.775
24.807
37.133
31.580
27.634
37.979
34.480
30.475
33.693
19.858
25.472
27.035
27.198
32.898
33.303
33.255
31.639
42.594
54.842
35.933
31.152
46.365
39.792
50.926
54.719
50.549
32.490
35.730
36.493
41.335
47.538
45.936
39.134
40.426
53.390
44.196
39.970
39.113
34.172
37.564
39.507
40.107
37.978
39.368
39.306
41.514
47.236
35.158
35.922
47.209
49.740
29.993
64.825
56.115
50.627
53.161
48.682
55.871
51.141
52.298
36.501
41.300
24.706
34.500
51.895
53.579
51.244
63.289
52.063
52.781
48.129
28.005
21.226
45.442
44.206
49.101
80.859
51.252
39.653
55.536
53.971
33.168
42.788
50.793
39.553
31.941
37.794
45.325
43.913
61.863
57.377
53.570
21.323
42.138
39.953
32.568
40.476
37.513
39.681
49.586
48.707
42.688
40.427
47.547
56.612
56.962
48.171
55.232
29.137
28.703
30.729
44.293
41.977
44.442
40.202
43.667
57.533
50.930
44.656
48.511
53.197
50.795
33.171
43.546
39.532
37.435
46.341
53.365
54.589
39.324
49.213
59.282
61.236
61.754
48.223
37.096
40.777
44.210
47.391
53.918
47.238
36.697
46.615
60.003
37.650
48.458
40.678
50.686
56.750
63.226
