66.122
76.747
68.024
56.456
55.789
54.373
46.441
45.885
43.909
50.500
49.702
41.533
42.161
38.946
50.565
44.061
35.875
37.393
42.057
38.385
51.257
47.837
36.485
42.572
33.790
49.886
59.707
54.416
44.187
41.326
36.687
39.186
45.138
54.127
61.542
49.691
38.743
40.566
38.849
38.943
38.274
41.673
52.177
49.291
42.476
53.092
39.601
41.904
47.314
61.762
58.507
60.275
66.825
64.622
52.057
47.886
48.568
52.101
46.300
50.124
48.268
36.814
46.776
40.864
46.188
33.426
34.725
33.227
43.213
41.524
41.757
43.927
73.285
66.671
59.146
60.351
53.881
49.420
46.831
43.758
47.380
54.245
36.008
55.249
61.366
54.297
57.805
57.807
45.942
54.423
55.972
62.315
55.700
51.604
53.021
49.840
56.644
34.199
51.295
47.662
39.238
35.792
37.137
29.201
29.514
38.439
47.034
59.025
58.962
61.162
36.982
34.410
42.062
38.180
49.959
47.979
46.156
42.580
34.996
37.884
51.051
48.935
50.158
41.870
48.232
46.726
56.169
49.958
51.387
51.749
50.049
37.045
54.159
46.300
29.425
44.064
35.070
32.865
42.186
45.628
42.621
38.041
46.854
41.306
39.781
36.713
39.416
45.386
44.647
44.651
35.584
42.266
40.373
40.930
42.939
43.289
46.554
48.205
45.783
40.636
47.013
44.480
42.858
40.386
37.100
49.423
47.077
49.382
43.344
48.335
52.702
38.578
52.375
43.689
39.650
43.588
41.066
38.094
52.646
49.801
45.738
40.117
39.861
34.581
26.491
39.157
44.370
46.811
33.919
47.355
42.041
32.739
38.735
42.789
49.147
50.985
34.420
29.987
30.792
42.237
54.357
53.457
51.329
29.121
35.406
24.865
34.868
58.611
54.514
34.867
37.946
38.946
32.237
28.045
42.036
43.750
41.263
46.075
46.063
43.234
39.385
45.517
43.870
41.564
32.206
44.363
38.718
26.414
52.621
65.339
56.946
43.684
31.004
31.612
29.973
51.455
60.744
50.241
43.265
61.204
66.011
41.518
51.830
50.142
47.125
40.916
38.551
61.347
58.524
42.789
43.097
31.854
42.629
45.339
37.467
36.568
32.171
41.770
54.706
45.956
23.808
24.216
26.344
26.222
34.209
40.661
28.205
28.012
35.822
27.702
41.745
35.764
21.621
22.545
23.530
38.973
57.390
41.578
39.159
37.251
34.306
37.735
43.331
37.204
40.324
43.094
43.185
42.615
41.468
40.459
44.654
46.163
45.671
51.965
63.344
54.163
53.579
56.134
45.728
43.927
55.379
54.928
42.910
36.331
40.669
46.068
41.853
53.528
62.910
58.632
64.877
43.940
24.660
43.822
44.176
51.610
62.350
66.362
50.675
43.928
41.970
66.874
55.440
67.398
66.141
59.388
61.509
45.512
44.519
52.802
59.144
51.806
46.849
35.699
60.142
35.656
40.784
36.433
51.376
46.129
53.667
37.963
62.466
39.382
44.682
63.276
67.911
64.213
60.039
54.323
49.529
42.580
53.443
48.008
38.407
38.952
33.961
41.150
48.667
47.850
50.523
60.660
50.440
46.328
50.011
54.822
