35.112
62.897
71.765
41.572
41.627
51.347
43.478
46.663
51.931
75.857
68.740
42.723
49.946
42.123
44.898
43.505
39.877
35.164
35.627
42.604
43.821
56.611
64.833
76.472
64.194
50.387
48.823
59.225
53.743
49.547
51.338
47.445
55.171
61.301
40.793
40.825
46.059
55.187
51.643
48.546
44.689
44.038
49.076
54.821
62.957
54.713
43.495
61.030
65.391
63.949
55.342
45.081
46.498
60.752
51.200
42.473
32.222
42.882
40.080
29.138
49.828
51.746
47.127
45.788
46.560
60.744
42.850
49.252
32.274
37.046
39.986
39.153
51.133
36.084
36.488
37.963
56.684
59.476
57.014
50.839
60.402
53.847
45.124
37.250
49.979
49.653
51.263
46.045
51.735
69.231
77.596
72.493
62.097
41.392
59.583
44.263
45.179
38.831
34.546
44.863
45.113
53.818
44.277
43.713
53.381
63.702
53.545
52.707
48.030
52.728
49.815
51.130
55.935
53.237
47.977
46.530
50.572
53.196
44.335
35.766
38.626
43.788
56.232
50.601
54.216
55.640
53.385
47.567
55.934
57.230
55.165
57.691
58.257
55.695
60.267
46.289
49.681
48.453
48.784
66.925
52.518
49.898
49.070
37.798
31.859
31.750
29.897
43.238
38.912
40.358
44.474
43.354
40.096
47.300
47.883
34.201
37.623
51.085
49.890
52.966
36.156
38.513
41.298
45.617
46.114
44.398
40.613
46.301
41.860
38.184
47.096
37.669
43.978
34.512
48.759
53.034
42.349
54.846
51.452
41.934
40.844
34.355
37.179
31.662
34.531
34.181
35.675
39.585
28.442
28.333
38.130
34.854
38.530
34.078
44.330
49.951
40.885
42.286
58.285
46.785
27.926
31.334
25.822
28.124
44.913
38.972
32.887
38.610
44.626
33.101
41.820
31.686
34.322
30.241
28.589
24.661
37.358
51.202
35.498
26.784
43.237
56.894
59.259
47.092
34.976
28.901
37.524
40.029
46.573
36.775
23.993
34.679
30.537
28.924
34.238
40.303
35.048
24.111
37.151
39.056
36.668
31.399
30.518
35.718
24.553
25.126
32.566
46.204
37.095
34.586
30.002
32.532
38.011
38.422
40.811
32.567
43.778
29.001
43.295
48.017
48.446
34.992
23.806
34.354
35.533
52.162
65.594
57.928
42.442
34.933
34.504
44.669
44.514
48.224
59.845
54.508
52.358
34.659
36.331
56.968
51.520
44.279
44.926
45.269
49.978
40.779
38.191
41.454
52.639
55.339
57.037
42.759
41.919
41.332
36.603
34.086
28.366
29.324
32.507
35.353
34.433
30.951
35.872
45.026
59.503
43.289
63.369
44.960
44.679
51.081
63.805
45.812
32.858
39.167
49.229
40.070
47.763
47.736
42.330
54.400
46.120
35.884
33.083
43.021
50.290
51.807
40.817
35.803
43.357
49.100
52.586
52.649
48.136
48.637
50.292
55.725
46.191
53.170
46.191
38.891
41.395
42.355
36.771
32.421
35.501
52.506
60.261
54.027
36.562
29.597
33.992
60.891
51.373
51.474
81.887
82.510
53.022
55.055
39.541
44.535
31.596
35.327
52.132
33.202
42.926
