62.382
52.541
50.175
47.117
40.682
50.199
45.769
39.159
48.653
46.043
42.793
33.453
34.459
49.348
60.786
55.403
35.030
41.943
39.640
35.494
37.762
51.659
49.714
56.878
42.948
38.057
44.804
46.409
45.220
40.568
46.313
66.326
66.430
60.859
53.479
53.895
34.531
37.143
38.014
31.071
34.948
61.617
61.488
68.699
58.745
66.027
59.632
60.890
55.177
65.858
64.071
58.997
53.351
58.732
62.112
38.950
34.226
46.374
39.825
43.133
42.302
49.805
37.119
37.478
40.876
33.790
35.280
52.451
41.514
43.898
51.893
52.055
44.116
58.722
67.882
75.574
75.211
58.157
54.989
59.911
67.243
52.388
53.373
40.700
38.379
41.683
55.839
55.094
47.545
41.513
41.973
44.036
42.396
38.828
36.217
37.983
45.544
63.329
57.811
54.880
40.324
51.898
46.330
33.512
47.518
40.681
50.678
54.761
62.474
64.383
53.995
55.640
47.359
51.130
49.255
51.307
56.992
58.764
39.457
40.164
45.922
53.771
57.085
57.317
52.432
49.771
51.751
56.058
54.488
48.235
48.080
52.730
41.868
43.624
36.525
39.488
48.299
46.057
52.461
49.363
39.427
42.052
47.480
35.789
40.587
45.615
41.932
37.862
32.275
27.046
30.816
39.165
26.624
29.740
33.166
34.283
33.355
38.497
45.748
39.576
43.815
36.739
54.587
41.831
40.944
33.847
36.260
38.808
44.437
31.317
40.000
35.186
44.462
54.983
54.132
58.058
45.633
33.334
37.464
32.993
31.153
36.921
32.777
40.675
36.589
25.257
40.234
29.865
27.756
32.242
25.623
30.406
41.043
43.521
41.866
32.977
29.819
28.320
32.314
51.360
50.864
53.706
46.665
52.152
34.275
31.608
35.326
32.212
40.584
50.212
36.197
27.004
33.206
47.186
38.024
64.868
44.794
46.569
35.490
36.762
41.439
44.358
46.393
46.267
41.124
39.520
34.457
27.591
50.814
30.490
44.183
51.441
45.851
39.005
41.897
47.341
34.464
36.753
50.439
46.673
43.262
34.131
29.727
35.530
35.246
53.394
54.879
45.386
66.097
48.410
50.522
42.391
36.877
38.547
27.895
24.212
45.096
29.801
64.773
69.440
60.727
52.522
53.239
60.410
57.714
49.959
33.799
26.246
43.195
48.026
43.955
27.589
39.230
33.720
29.053
49.228
69.910
34.340
33.368
64.032
26.884
46.741
53.166
51.381
38.329
30.890
19.718
31.625
35.429
41.063
39.705
37.186
50.110
37.176
31.908
26.847
34.738
39.573
34.675
36.234
37.061
31.667
45.234
28.806
35.543
36.790
39.469
42.122
56.541
75.613
59.133
58.004
68.196
54.303
44.741
46.173
37.628
37.408
47.624
58.620
60.736
58.402
49.176
46.035
43.772
54.887
53.169
49.578
42.861
45.263
39.815
45.702
39.796
37.390
42.521
55.569
67.599
66.833
55.596
43.561
56.270
49.548
22.578
40.216
26.633
36.569
52.912
57.350
45.516
49.546
46.431
60.132
62.460
63.679
71.636
62.980
41.772
43.045
47.300
50.169
45.869
62.765
54.092
50.766
50.986
