70.229
57.256
47.954
46.640
44.873
45.416
36.977
34.588
53.217
53.715
57.581
49.086
72.589
64.118
57.201
58.309
46.375
43.925
37.537
33.099
38.712
45.304
69.650
76.182
59.941
49.139
39.207
37.622
27.159
40.096
42.981
35.543
32.667
65.073
55.394
43.222
64.441
72.812
75.846
65.204
30.274
34.197
32.546
42.676
41.031
40.585
35.835
39.680
49.630
40.978
40.610
39.237
41.817
59.609
64.366
56.063
51.363
56.554
66.424
60.851
53.543
58.353
60.982
57.363
51.813
58.778
53.565
60.478
65.706
61.746
56.517
66.876
65.644
63.330
56.908
62.761
65.378
68.156
74.836
80.183
82.180
75.478
70.700
59.311
50.168
57.293
53.170
46.222
42.029
44.894
40.600
33.885
49.411
40.028
33.476
48.269
47.294
43.692
48.420
45.202
43.757
59.767
58.835
58.398
51.806
53.265
41.912
36.780
42.848
54.561
58.057
48.698
39.610
42.527
30.785
31.113
31.660
32.409
32.581
51.929
60.166
56.155
58.154
47.466
35.774
38.778
56.009
53.412
52.725
54.249
53.068
47.063
41.230
46.432
49.649
53.690
59.093
59.474
58.145
55.066
54.390
51.520
55.469
54.935
53.461
49.953
49.487
48.434
46.602
50.282
44.184
39.708
53.301
55.873
50.503
53.540
38.544
42.275
38.799
34.632
29.106
38.120
33.764
28.929
39.246
29.305
26.401
22.677
32.179
41.588
47.256
38.741
32.087
39.588
57.664
51.631
55.398
49.445
38.561
29.470
40.017
36.764
40.970
39.952
36.301
31.148
29.048
25.328
31.527
30.221
38.994
53.619
40.737
30.514
32.974
36.780
41.404
39.503
29.192
29.128
24.435
31.161
28.870
33.329
38.935
39.106
42.777
37.299
50.509
58.638
42.693
40.637
41.473
35.136
46.434
44.664
36.717
24.792
27.477
30.005
41.099
31.818
31.053
33.741
36.020
38.269
33.945
31.957
42.336
34.341
29.947
24.731
26.509
29.387
32.759
28.956
38.349
34.330
21.697
23.174
35.160
34.415
45.274
52.765
49.917
51.738
45.137
34.491
43.097
35.492
41.354
32.884
49.476
38.405
60.899
46.218
28.962
24.299
48.689
24.909
24.839
47.263
51.362
36.523
34.169
51.536
46.161
48.396
52.110
34.065
24.308
22.881
24.737
41.791
40.475
52.912
40.102
51.747
47.578
46.116
53.083
53.267
57.478
47.684
46.476
58.482
52.247
51.414
41.717
41.456
49.269
44.787
43.099
42.293
38.320
35.032
34.039
32.366
38.975
33.627
25.648
39.334
54.236
68.268
44.558
52.970
52.134
40.144
30.048
37.307
38.780
48.421
42.685
41.047
43.868
40.507
48.740
47.274
40.572
40.760
42.251
50.145
50.684
43.634
43.449
40.001
63.269
74.731
74.124
64.467
34.260
52.893
59.429
49.569
54.345
64.058
42.174
30.260
38.699
37.969
37.302
50.115
51.550
57.450
69.770
38.812
34.186
39.228
47.598
43.221
44.088
47.157
36.602
40.715
46.298
53.362
50.465
48.481
58.978
35.615
38.753
33.176
52.177
53.710
47.132
58.441
