45.707
35.114
29.214
34.427
28.942
37.628
37.461
54.407
52.741
63.592
55.608
41.481
38.530
45.348
33.842
40.664
32.589
31.679
33.879
45.546
49.023
47.685
45.813
38.410
51.479
43.654
56.229
46.823
50.210
53.258
34.093
47.501
81.646
60.314
42.658
44.268
47.554
61.517
56.875
47.202
47.810
55.823
65.084
35.537
35.168
41.381
49.188
53.835
45.561
53.045
52.275
65.643
51.576
64.363
58.842
41.988
61.736
63.298
53.456
52.556
53.903
60.934
56.166
51.552
72.398
73.493
57.155
43.038
47.194
56.117
45.572
53.510
62.592
69.873
66.430
60.075
41.590
61.722
64.871
50.476
59.789
38.315
34.231
49.628
44.616
51.131
48.565
48.668
65.942
69.995
64.439
60.066
50.162
44.531
36.449
42.044
49.983
68.541
69.510
63.167
65.462
60.516
63.592
60.183
57.540
66.695
70.633
62.296
58.576
48.644
44.110
47.008
43.574
37.126
34.243
34.820
42.972
47.716
45.968
45.245
46.258
37.190
46.128
43.870
48.799
49.244
51.670
60.373
64.364
55.621
44.362
40.724
35.676
36.236
40.522
50.648
33.646
31.188
28.547
28.722
30.049
48.730
43.926
50.121
40.884
37.025
36.122
32.159
36.247
38.230
44.043
32.656
33.789
36.825
36.351
45.314
41.294
34.759
40.571
43.975
55.104
46.214
40.658
53.200
42.470
38.722
38.555
47.393
59.325
48.038
36.065
44.708
56.498
59.843
23.993
35.891
37.774
41.847
36.344
33.760
44.625
44.477
38.910
41.308
31.155
21.724
37.415
41.353
46.145
47.063
43.938
38.401
33.214
36.648
46.845
38.871
31.162
23.245
26.863
31.206
34.235
35.424
39.715
41.613
35.565
50.200
52.656
41.386
41.112
44.556
29.536
35.290
43.206
43.812
36.353
35.029
47.587
47.320
34.223
34.281
29.793
49.536
46.858
32.371
29.510
35.945
33.896
33.231
26.127
28.196
29.207
38.022
30.667
29.253
29.902
27.632
34.835
36.526
42.385
41.432
35.180
60.585
38.496
39.359
47.351
41.462
42.513
41.686
42.047
37.143
42.918
48.720
39.981
35.202
32.347
35.557
32.235
31.367
29.313
35.558
34.130
31.269
34.161
56.309
45.001
40.776
32.626
31.234
35.856
33.729
36.720
33.823
23.367
24.655
20.583
25.571
28.922
49.663
30.424
30.059
34.921
40.392
44.004
42.341
39.768
48.937
57.669
62.933
54.188
48.243
46.188
54.656
60.778
46.311
46.756
40.311
38.407
56.230
57.817
66.294
61.810
54.442
37.458
50.165
34.360
39.482
42.405
46.576
51.559
41.350
53.535
56.591
60.859
43.629
39.139
37.394
40.487
49.476
48.961
55.528
41.369
31.318
39.852
34.098
49.487
55.304
62.506
49.696
35.841
42.186
38.752
44.421
34.680
61.131
47.568
49.808
61.027
52.625
47.628
53.654
48.414
57.596
56.903
40.550
39.784
38.030
37.661
34.718
36.510
54.686
45.036
42.844
32.952
46.856
42.750
41.974
32.031
34.118
37.263
39.819
41.895
45.689
45.108
39.179
49.542
