43.131
62.514
68.901
71.685
47.011
37.729
52.164
44.314
52.927
62.847
43.961
42.386
46.009
30.857
44.170
43.739
46.601
44.949
60.774
52.173
40.935
46.200
46.718
59.469
55.108
68.278
67.601
63.644
59.682
55.900
51.759
50.450
49.621
49.188
59.602
51.493
51.170
43.785
40.532
54.253
66.445
57.279
59.000
57.855
52.585
49.158
46.792
48.537
40.332
39.767
48.444
55.206
41.863
62.569
57.247
51.536
54.223
62.820
53.442
52.647
51.409
54.825
56.517
45.603
60.103
51.314
57.015
58.848
53.929
35.859
61.123
51.307
59.169
55.962
61.096
52.759
49.518
67.897
37.083
30.585
41.226
59.665
67.740
77.915
79.975
53.543
41.016
52.154
58.225
50.742
45.448
40.440
60.640
53.164
36.354
45.042
60.159
48.533
44.392
40.114
55.354
59.729
63.980
63.203
67.170
68.905
62.112
47.787
48.303
49.692
49.979
35.519
36.246
37.963
46.576
55.930
46.914
49.193
50.577
53.953
44.085
50.871
61.439
64.652
59.387
56.016
55.711
54.945
47.837
53.041
42.932
43.926
38.265
36.165
37.097
43.328
48.262
46.695
52.572
35.852
49.248
42.312
40.463
41.126
49.015
50.031
51.912
40.534
39.286
36.780
35.254
41.032
41.588
40.028
42.561
41.700
34.070
33.064
40.767
43.742
49.223
47.266
47.881
48.531
44.171
37.964
33.811
44.645
36.422
34.310
38.615
41.120
26.797
24.254
23.995
34.161
36.131
39.829
39.469
37.568
33.943
37.035
48.922
50.973
46.595
56.324
49.090
53.258
45.173
40.105
46.593
54.233
47.522
45.114
39.382
50.248
47.084
40.013
49.405
37.535
32.841
31.640
28.427
45.965
39.422
32.050
27.669
22.958
45.266
48.094
53.536
40.723
37.470
42.142
45.722
41.923
48.760
48.606
56.963
49.711
42.013
30.085
43.691
34.488
35.788
36.190
38.037
42.083
43.450
39.574
35.881
37.819
58.370
59.960
45.142
38.554
45.209
41.726
38.752
33.205
32.230
32.893
24.738
31.875
39.749
30.156
38.318
42.502
31.951
32.938
45.460
51.298
48.382
28.229
64.662
63.774
62.579
33.973
52.617
40.730
27.996
31.699
30.486
35.411
38.143
36.989
29.878
32.353
43.004
40.059
42.981
50.178
42.137
37.617
47.386
37.038
38.367
36.489
33.062
37.604
44.735
46.838
42.694
50.114
51.369
47.875
57.421
58.190
51.682
37.004
38.310
38.113
54.388
33.991
37.529
45.709
56.975
69.821
50.788
62.235
85.274
58.155
64.214
53.223
50.592
46.885
59.437
53.627
46.826
47.534
42.493
43.166
46.132
42.514
48.296
58.479
51.374
49.228
43.562
55.350
34.208
35.409
37.741
55.443
49.661
50.960
33.750
51.489
40.381
60.274
48.742
41.105
39.363
57.946
57.304
54.686
47.758
56.629
58.148
42.047
46.471
32.979
24.614
35.489
39.375
40.421
43.547
47.898
57.407
51.346
50.474
39.781
43.359
49.185
42.767
41.760
46.721
42.873
53.693
53.408
76.350
61.059
46.764
56.057
42.815
