54.973
42.075
49.828
60.151
78.084
51.905
48.137
49.307
34.679
60.427
51.278
43.804
47.276
47.267
58.087
56.400
51.919
48.516
57.127
60.752
59.205
59.040
46.746
51.158
36.610
48.808
34.768
48.314
63.552
69.836
68.149
61.389
54.266
45.810
50.080
63.707
62.159
59.478
51.000
46.777
41.020
50.958
64.529
67.565
66.459
70.290
56.734
53.492
41.637
35.387
44.798
49.476
55.682
65.447
57.668
51.092
54.500
63.917
58.920
52.377
46.749
34.147
45.521
38.762
42.090
45.105
53.618
55.269
53.899
50.339
35.747
36.925
35.967
34.194
40.919
55.674
45.328
36.958
40.750
39.844
34.750
32.833
43.705
29.074
23.184
26.559
29.747
42.478
45.671
38.060
48.980
48.398
42.603
68.891
70.703
62.610
65.653
50.404
54.259
48.397
59.762
59.697
66.707
72.938
63.119
65.875
62.117
50.629
43.567
42.279
41.499
39.315
40.384
42.667
43.727
46.545
62.351
59.033
55.589
53.816
52.022
51.316
59.223
50.093
44.064
39.527
39.792
33.467
36.426
38.265
56.333
65.393
43.004
45.338
44.137
49.606
40.858
38.019
39.634
52.168
64.953
57.176
35.902
22.025
27.487
39.845
39.926
32.754
30.679
33.321
31.860
49.681
60.812
50.085
33.882
37.651
37.069
45.276
47.010
40.724
35.685
57.262
53.753
54.313
37.162
26.758
55.378
61.193
42.056
39.947
38.203
33.326
45.226
45.853
37.469
55.432
53.432
43.248
42.273
32.069
40.375
53.069
27.417
28.455
21.788
30.543
32.519
41.168
42.148
38.998
38.283
49.154
48.984
38.935
56.628
47.344
42.456
48.231
42.043
42.220
48.137
35.992
40.129
41.824
62.954
57.580
32.812
39.135
42.138
42.113
41.400
46.172
42.517
37.676
43.038
45.007
38.066
44.140
42.572
37.317
28.958
23.767
25.104
28.143
27.758
25.924
38.569
32.986
35.725
40.433
48.074
41.873
31.965
37.541
48.650
38.665
44.868
44.305
41.744
44.939
42.935
41.580
37.561
50.785
48.596
40.218
43.967
53.054
34.710
57.115
47.923
44.702
29.082
37.770
35.537
41.646
61.203
43.805
50.710
47.071
50.580
42.786
41.402
50.125
50.873
42.950
49.432
40.673
50.963
45.623
41.398
44.639
37.787
42.519
36.905
37.900
48.623
47.252
64.122
45.798
51.078
43.612
48.378
44.776
26.241
31.752
34.623
32.388
38.724
43.559
52.896
63.098
62.604
54.689
38.888
33.292
27.308
39.499
65.388
37.927
45.040
36.978
39.629
44.622
55.862
46.646
55.745
64.340
60.261
61.650
49.904
37.925
37.576
41.461
42.190
35.726
43.548
49.486
61.121
40.516
50.886
48.282
48.676
37.721
38.147
63.021
34.445
54.723
46.207
50.125
48.576
50.954
50.769
37.893
54.137
61.917
60.204
65.909
57.272
59.477
44.328
45.831
47.964
54.665
48.839
48.042
58.002
61.176
41.364
59.108
54.057
60.184
60.871
41.827
41.480
55.402
57.968
60.677
56.569
50.516
39.683
44.305
48.440
50.974
38.812
39.770
