44.987
58.435
57.720
64.952
41.772
44.935
45.010
48.980
53.048
58.273
77.698
49.158
46.110
46.281
48.336
41.485
45.579
51.573
43.386
45.228
53.107
63.473
51.567
43.822
40.319
38.810
36.257
47.556
37.721
42.731
39.253
39.011
28.170
43.512
48.388
39.243
45.791
30.482
36.789
40.994
54.336
61.896
54.890
46.653
53.688
39.508
32.135
34.988
55.906
57.277
51.643
50.159
58.833
56.309
54.495
51.426
46.038
44.193
51.816
52.603
48.211
43.346
44.230
61.992
61.865
65.334
60.994
62.868
48.676
27.292
30.884
40.267
55.509
53.991
59.069
63.681
66.256
62.921
69.287
59.093
53.056
60.979
62.545
64.018
58.515
48.098
46.920
39.462
39.110
37.002
51.842
47.685
38.124
45.903
51.510
46.874
32.845
34.618
45.133
53.291
61.880
56.225
49.166
40.320
41.019
47.446
54.967
39.165
41.504
43.302
49.689
49.891
49.050
38.423
42.729
49.089
53.988
57.505
58.323
50.694
36.521
33.785
36.731
47.069
37.651
41.380
36.072
38.147
36.479
44.525
54.040
53.632
46.887
29.398
36.189
44.499
52.888
51.511
42.998
37.133
27.999
35.882
41.751
42.058
36.708
25.220
37.107
45.677
35.090
23.749
31.596
29.840
36.019
42.729
40.094
35.679
45.473
40.636
33.672
36.182
53.926
53.379
47.822
38.670
30.809
28.844
41.442
51.609
59.143
48.302
36.200
33.620
29.223
45.604
54.303
50.987
49.495
32.704
40.681
51.681
48.902
38.254
41.798
45.781
38.917
36.003
37.439
41.740
42.208
39.758
30.888
32.669
44.156
39.467
42.630
37.834
48.463
36.020
26.388
23.026
31.887
32.548
35.950
34.907
32.059
32.786
38.437
62.507
52.351
44.773
41.933
51.897
36.670
43.372
50.361
60.075
49.651
31.149
35.767
36.050
33.637
41.599
43.241
39.581
33.775
31.950
32.480
28.899
49.215
46.097
45.110
61.970
46.552
31.363
26.463
35.936
37.201
36.161
24.805
45.238
57.842
55.751
26.649
43.714
42.743
25.707
40.460
39.501
31.092
29.056
44.263
31.532
44.967
48.134
38.144
62.788
47.632
40.794
49.685
45.042
35.484
46.264
27.611
32.666
38.012
35.776
30.404
31.215
27.933
21.290
22.702
36.587
46.227
49.378
56.104
47.419
71.235
55.116
52.245
35.957
38.431
30.886
34.639
43.508
40.856
49.032
67.511
62.721
57.719
45.942
31.050
31.569
38.012
44.188
48.446
49.724
59.589
62.834
53.444
40.075
71.001
59.218
34.661
33.780
35.869
36.932
40.490
41.712
43.398
53.713
52.835
36.860
52.756
61.521
57.048
47.161
58.291
48.038
40.250
36.358
58.372
64.528
57.305
49.919
51.044
48.771
40.501
46.292
44.702
43.175
40.602
46.768
47.093
53.009
48.240
48.659
45.285
39.548
43.203
41.221
36.799
59.964
53.538
51.595
43.060
36.419
53.952
61.863
40.073
39.968
40.760
48.137
48.114
45.653
44.298
47.555
58.049
58.608
63.351
35.527
44.533
67.783
57.387
65.358
54.464
