51.888
65.994
50.118
42.906
34.933
33.407
37.267
42.742
64.401
55.903
47.456
64.454
65.942
57.492
48.297
39.769
43.830
60.740
62.631
53.960
44.881
46.589
38.969
34.552
44.123
41.928
48.454
42.510
50.967
49.968
51.156
37.992
42.201
59.740
64.505
62.347
59.599
48.458
50.071
55.049
56.520
47.737
38.242
47.902
55.232
47.635
36.823
40.191
35.900
49.696
53.080
56.733
44.746
44.990
46.824
61.562
70.910
77.328
69.721
64.120
46.436
45.244
58.312
49.015
40.048
38.954
42.605
52.039
40.630
49.725
54.035
53.804
45.201
43.594
45.178
45.327
48.099
32.177
44.371
67.775
52.874
33.127
56.291
51.850
59.596
58.543
60.558
60.822
55.190
50.497
41.169
45.231
49.008
50.350
42.177
40.960
49.107
43.210
48.215
45.391
47.441
62.813
60.683
58.924
55.678
58.882
60.321
71.308
66.076
51.011
45.773
49.835
50.499
54.159
43.919
46.984
54.210
56.374
62.660
69.478
68.230
54.207
54.070
62.196
59.205
51.837
52.694
53.466
58.514
61.102
58.871
57.607
56.923
47.613
41.016
50.148
49.266
50.300
57.415
62.044
41.304
39.153
43.677
41.558
47.152
56.288
54.007
46.779
37.389
33.892
29.873
38.318
44.104
46.313
33.266
47.860
34.274
31.723
39.415
33.415
37.222
41.671
36.860
34.790
42.078
63.793
61.372
49.130
38.062
42.276
36.376
35.821
35.197
31.404
52.965
49.066
38.069
38.800
58.520
41.875
44.957
41.800
56.504
56.186
51.492
51.710
47.632
41.281
49.428
47.902
42.777
40.830
34.833
38.466
37.097
46.710
49.952
44.632
33.837
37.920
33.827
28.204
37.187
31.350
35.826
36.501
34.969
43.008
31.934
19.843
20.283
25.203
27.080
18.422
19.872
20.513
26.274
22.445
18.843
23.714
25.829
35.443
43.906
34.630
46.507
42.938
31.043
33.940
34.821
34.516
44.953
56.178
45.929
33.444
38.595
41.429
35.277
36.023
39.341
42.225
27.932
29.149
45.447
40.709
27.465
29.560
32.052
52.263
61.873
38.264
42.397
22.026
21.828
25.437
30.863
32.687
54.218
39.842
34.479
35.226
42.865
50.933
29.053
61.322
69.191
68.815
56.535
55.849
49.049
45.974
46.877
28.841
32.721
21.998
24.878
41.251
43.939
56.387
59.952
42.336
33.255
40.156
37.888
49.230
36.236
37.234
38.523
32.391
41.102
53.444
51.631
50.577
41.210
43.517
46.314
45.220
55.459
53.024
51.464
42.772
36.439
39.989
50.259
41.443
36.542
36.336
45.816
25.611
26.441
60.121
44.829
40.279
51.332
52.127
55.252
63.941
63.124
58.465
54.992
64.283
63.918
60.482
57.797
65.929
57.696
50.144
45.470
46.922
34.813
32.265
24.319
30.644
40.022
43.026
53.428
43.291
41.989
47.332
51.275
39.308
43.020
44.743
48.482
39.910
38.406
43.699
41.951
49.518
58.879
58.636
54.068
63.359
60.828
40.038
40.126
47.576
76.538
64.445
61.555
46.360
51.291
48.457
49.374
68.924
65.388
39.914
