39.875
33.090
50.210
65.751
49.793
58.430
62.840
51.702
38.926
63.364
67.194
67.068
61.819
43.281
39.164
59.889
44.993
40.716
42.049
43.162
31.921
32.405
34.517
41.765
44.585
44.788
58.252
35.188
52.263
43.097
77.413
62.384
53.419
47.453
52.778
40.102
46.498
40.784
58.184
56.382
58.155
40.733
55.269
43.759
36.776
37.783
51.726
67.680
49.541
51.466
70.017
81.707
59.502
42.362
41.181
48.056
50.235
53.793
45.420
44.991
57.039
54.909
60.594
42.417
49.996
58.442
56.897
55.582
50.401
45.610
47.498
45.908
51.698
42.735
40.879
42.813
42.949
41.197
55.316
65.981
71.290
74.422
76.294
74.918
43.842
49.023
37.927
51.646
58.806
60.793
51.718
43.527
50.759
43.959
40.108
35.119
41.020
33.131
54.162
57.933
56.126
52.602
56.136
43.269
39.399
42.501
44.932
40.606
43.779
45.524
40.347
55.570
36.034
47.331
53.084
46.177
40.362
42.780
52.210
43.549
37.113
50.139
38.194
39.140
41.876
47.303
57.650
60.139
44.196
54.223
57.123
66.140
56.051
49.841
41.802
35.258
33.865
42.125
49.391
42.590
45.168
42.224
44.910
43.834
37.258
46.730
47.229
45.159
43.817
41.663
39.273
31.162
30.078
26.968
28.642
31.377
24.904
25.865
28.449
31.533
44.504
35.777
27.817
54.655
58.195
60.882
56.803
46.842
43.424
42.902
40.424
44.446
42.590
46.270
47.242
40.499
24.910
38.300
40.974
43.859
34.182
29.380
45.362
46.984
46.900
31.916
38.527
45.602
46.642
46.049
49.628
41.651
46.337
43.826
42.828
46.756
38.761
45.364
39.140
29.874
32.399
34.050
23.540
25.109
37.198
27.145
29.675
26.699
29.789
42.851
32.859
37.714
34.782
39.466
43.028
47.734
31.728
43.362
45.424
42.398
38.348
32.751
50.350
61.038
41.621
39.518
29.885
24.166
25.185
33.202
34.094
36.723
39.128
41.974
46.872
42.739
52.292
54.745
44.696
39.909
29.377
34.035
37.946
34.709
32.819
38.109
46.922
46.349
48.098
48.799
48.186
37.680
34.529
53.361
38.445
34.301
32.406
38.353
32.716
25.847
36.908
37.491
34.769
39.284
36.295
32.197
29.600
42.376
52.241
41.912
57.367
59.331
60.863
44.577
31.099
29.941
28.123
20.959
25.662
37.594
36.848
25.474
34.502
55.807
43.599
31.060
38.859
31.650
37.127
37.282
40.875
41.101
43.427
39.795
33.083
29.961
31.865
49.624
45.053
33.059
52.624
69.256
41.661
26.115
41.776
39.001
41.821
35.903
42.747
55.175
60.353
53.797
49.049
37.853
48.943
42.702
24.154
48.286
48.713
43.802
41.649
57.671
55.506
56.699
42.364
48.467
55.136
54.463
56.963
52.656
46.778
52.589
48.145
46.079
62.335
58.066
55.608
45.476
35.672
31.089
34.859
43.155
46.154
41.086
55.893
37.971
31.573
32.400
29.752
35.034
34.395
44.427
57.630
59.868
61.541
56.667
52.085
45.153
54.443
60.693
47.027
41.042
36.956
41.596
59.777
51.307
