44.524
51.513
46.176
56.138
41.580
46.122
47.506
52.491
45.812
56.131
55.390
45.573
53.799
64.267
50.567
50.914
59.886
70.574
55.643
47.845
37.583
36.517
61.343
57.636
39.364
43.061
47.439
51.938
61.052
67.557
62.024
58.988
66.385
75.592
68.645
60.294
54.481
46.137
53.223
33.528
41.073
39.958
38.562
49.156
41.008
51.030
46.922
49.574
40.689
36.982
38.925
43.711
46.502
49.048
42.633
49.228
36.340
40.314
51.386
49.390
63.355
68.743
70.646
61.778
41.083
43.142
42.991
46.707
46.012
39.117
35.759
41.707
39.227
37.066
44.831
46.523
41.519
33.139
42.689
41.472
57.225
65.681
51.103
44.239
44.582
58.787
50.601
36.271
52.183
59.989
45.182
55.231
65.272
57.567
64.601
60.293
49.529
43.905
44.741
56.680
49.491
64.030
67.491
59.583
53.898
49.908
57.813
63.366
57.898
42.388
49.890
53.118
58.613
56.059
53.618
61.126
64.584
63.227
54.674
54.712
53.241
57.441
50.375
41.613
46.278
53.445
51.842
36.741
36.881
34.943
40.691
42.272
49.083
35.246
45.748
41.694
43.156
48.608
38.021
41.222
42.316
63.519
49.007
32.193
47.866
57.719
48.002
33.080
28.466
39.503
37.421
37.460
38.026
44.505
55.262
56.209
54.475
50.481
45.262
50.326
58.594
44.052
34.292
33.141
41.610
35.463
34.709
29.419
31.480
30.376
34.999
32.260
35.244
33.248
30.607
27.078
34.078
28.481
28.968
30.377
26.891
19.775
29.341
30.267
43.328
34.889
45.977
55.041
52.654
52.081
58.515
35.411
30.308
41.995
39.498
42.006
38.548
27.544
34.065
48.420
35.354
32.598
44.278
34.478
41.201
47.059
37.297
43.723
33.363
43.631
41.025
40.793
35.618
55.296
58.222
52.547
32.846
40.756
26.567
31.220
38.093
35.825
31.314
26.932
31.775
35.367
44.717
51.154
40.066
39.537
32.804
46.983
43.672
40.966
39.312
47.900
40.597
34.670
46.643
39.759
44.122
37.866
40.745
44.827
57.158
32.891
34.513
55.173
40.213
54.466
37.555
33.136
34.848
39.670
36.870
43.197
46.455
54.008
56.627
47.240
40.910
40.288
43.633
49.527
50.128
52.932
50.066
36.917
28.837
41.572
50.217
51.504
43.283
55.266
47.425
63.939
35.481
38.282
50.946
35.361
33.410
38.513
59.980
28.378
37.854
38.938
44.727
33.146
38.858
32.447
39.065
55.058
67.306
72.896
62.554
40.915
48.535
45.800
60.415
53.025
40.928
30.806
37.214
54.983
34.526
34.749
25.352
51.692
46.362
61.682
46.518
46.206
53.974
62.950
55.205
42.536
35.482
39.144
36.781
48.853
37.744
38.706
43.782
30.903
45.801
36.452
54.849
57.492
61.575
35.049
50.831
59.398
49.802
59.316
38.841
60.615
64.583
75.602
53.813
43.035
57.711
50.659
45.532
46.126
38.485
30.486
39.742
39.457
50.829
49.460
57.680
66.246
67.264
69.084
58.332
51.508
55.941
58.023
55.638
60.384
54.696
63.074
67.050
37.548
52.621
