38.586
46.689
37.534
40.913
48.405
47.835
43.454
59.107
51.906
35.134
36.732
53.020
43.593
48.899
65.994
73.236
59.033
54.963
53.216
51.374
46.041
51.641
50.406
45.435
47.317
53.585
41.989
37.513
43.477
43.739
37.043
44.099
42.114
60.749
58.114
55.426
55.709
51.673
48.129
44.816
36.103
48.171
39.195
40.208
46.331
33.737
33.067
26.302
29.659
43.900
54.160
45.216
49.245
54.835
48.880
48.248
44.052
46.705
60.447
59.470
56.942
56.635
56.780
68.703
70.738
51.121
51.086
46.156
41.110
41.539
62.078
65.468
53.182
60.181
59.934
54.263
65.073
62.243
48.137
65.517
52.195
66.989
71.586
60.155
36.924
49.079
48.912
39.739
47.710
62.180
51.883
51.657
51.110
44.541
38.719
40.432
42.173
49.152
53.719
40.012
39.472
38.341
34.859
37.027
37.556
38.243
46.073
52.242
56.880
70.234
62.414
52.882
53.092
51.544
51.234
52.596
51.700
47.450
48.391
56.463
62.646
60.504
57.858
54.657
42.857
41.778
53.420
55.114
45.280
38.064
34.085
37.165
40.586
36.866
35.315
35.454
38.458
51.822
54.700
53.719
51.657
48.838
40.819
36.826
42.094
36.758
36.341
49.629
52.755
53.915
46.263
52.891
62.003
42.510
34.846
33.698
24.934
35.749
37.164
39.991
35.720
40.048
40.992
44.963
48.167
59.770
44.547
38.315
34.747
36.012
39.031
43.485
34.379
42.359
36.026
40.672
57.189
55.138
41.312
40.070
38.502
42.942
39.754
35.918
38.017
35.246
40.732
32.887
42.320
41.177
48.589
37.463
32.180
39.402
43.137
38.797
42.751
30.378
36.352
39.614
37.542
52.816
42.621
41.576
32.649
40.935
45.350
45.104
36.399
24.086
30.868
34.832
39.593
43.132
35.696
24.661
36.616
50.755
41.720
33.134
27.969
31.613
22.343
28.858
49.186
33.188
30.583
35.358
35.616
24.027
27.836
54.669
66.636
59.382
59.698
48.261
44.160
38.457
31.117
43.493
31.322
37.724
39.278
36.557
35.042
50.065
35.432
34.279
29.459
42.885
54.955
46.157
29.811
50.395
48.165
45.032
42.182
49.644
52.273
36.243
33.028
43.844
54.639
49.052
44.623
34.932
26.078
33.431
30.129
27.409
44.981
40.916
41.785
52.072
52.542
46.798
30.026
26.377
31.872
41.520
56.854
47.500
48.359
46.573
38.794
57.161
32.519
42.571
44.012
47.782
40.390
35.701
47.247
55.649
45.336
42.617
33.018
32.567
63.640
59.386
66.296
56.685
49.378
37.456
33.645
30.946
37.688
35.595
44.835
39.687
42.784
59.184
58.185
44.626
45.040
50.344
48.096
47.860
46.867
57.994
47.899
40.185
38.553
65.989
50.670
39.979
61.183
66.400
59.454
40.656
29.595
43.404
47.893
60.798
64.598
55.850
47.427
64.436
54.488
51.930
51.589
46.050
58.916
52.317
47.242
55.628
44.465
37.939
53.286
41.495
49.364
48.772
43.441
61.397
59.958
57.667
57.992
63.237
71.082
49.320
38.312
72.423
68.447
54.742
53.352
58.372
