40.588
54.322
63.796
56.149
58.248
48.796
51.249
49.240
41.645
57.258
49.109
48.699
45.138
57.161
49.999
73.437
68.230
57.976
45.700
63.237
54.766
43.789
43.833
62.203
56.704
30.462
58.989
67.190
49.427
47.742
39.482
40.219
53.408
46.883
43.170
45.638
54.459
65.516
65.053
42.833
55.800
38.494
40.647
44.743
50.087
61.015
47.178
34.778
40.059
61.573
69.830
60.981
48.812
72.262
74.214
48.496
62.282
51.580
59.290
54.106
53.738
77.936
61.332
54.577
45.412
44.648
46.599
46.534
49.714
49.737
44.242
41.960
42.616
57.300
50.352
50.797
51.788
50.530
53.225
57.848
52.395
50.616
49.259
52.193
45.132
45.594
43.660
46.876
58.495
58.832
43.777
45.037
36.191
43.915
29.815
46.199
49.715
46.717
53.661
61.253
56.920
57.336
48.286
43.450
33.221
34.454
50.522
61.615
54.744
49.708
33.017
37.895
47.009
54.892
54.135
47.242
38.310
42.232
55.340
61.093
63.129
63.635
63.178
59.113
59.620
58.655
59.744
52.810
51.531
48.482
23.578
43.487
36.299
28.510
28.543
33.499
40.270
42.429
45.744
46.057
46.852
37.518
38.274
39.567
43.047
50.746
43.047
34.337
38.418
34.544
34.067
36.210
33.053
39.976
42.174
41.753
34.214
31.389
28.131
33.211
39.895
37.481
37.565
38.606
37.060
40.796
30.078
36.443
60.203
64.772
47.870
50.089
43.675
41.321
39.831
30.778
32.223
35.523
36.689
32.612
33.915
39.343
40.662
49.357
47.469
41.996
39.387
32.589
25.836
35.111
24.828
27.510
37.372
44.343
41.407
53.903
35.335
33.622
39.011
39.732
43.901
41.626
39.679
37.676
51.396
42.389
32.908
30.152
36.422
37.906
45.226
37.740
