31.163
50.324
53.790
43.501
42.892
53.857
53.575
48.583
45.747
43.722
41.844
38.118
44.607
49.283
35.103
50.892
48.830
41.415
31.862
38.540
32.229
23.535
40.947
55.354
45.738
59.013
52.317
51.697
55.370
36.648
51.104
40.889
33.827
28.852
30.743
46.224
50.404
31.492
39.068
48.413
37.883
47.588
39.495
52.887
50.173
61.094
46.018
45.522
47.917
37.271
31.633
44.042
34.836
52.996
48.952
41.527
30.659
41.256
52.979
61.736
52.830
45.820
51.323
48.648
62.720
52.081
54.440
65.298
52.338
46.456
53.130
47.672
46.326
79.545
56.277
61.494
38.182
56.740
55.049
45.560
43.993
55.519
43.355
38.001
45.822
46.282
56.897
48.421
44.721
45.492
48.061
47.758
48.104
40.311
37.975
28.397
34.552
40.173
53.649
58.944
51.973
54.698
53.789
52.059
41.110
39.859
46.231
46.638
37.127
53.906
53.424
42.080
45.838
39.233
40.175
38.015
50.012
49.451
37.805
33.421
33.941
55.295
45.512
35.337
54.606
46.921
52.027
43.253
49.188
45.873
63.891
63.503
50.183
44.713
43.017
31.022
37.392
43.412
46.789
51.599
51.579
48.409
46.628
48.172
45.045
48.465
52.257
52.289
49.236
49.599
46.996
43.102
42.819
40.700
39.211
39.346
42.147
37.694
48.891
43.187
49.858
25.352
38.867
26.825
23.841
33.609
44.116
38.091
32.648
42.992
33.033
43.896
42.139
49.127
52.814
33.653
30.275
37.529
40.907
36.320
47.743
36.680
38.809
44.895
30.631
36.534
45.064
43.183
41.316
31.625
36.410
33.440
27.638
29.753
27.273
33.336
32.399
27.457
27.601
40.669
42.814
39.369
22.513
19.160
30.621
24.289
31.037
23.738
32.212
37.639
26.627
29.152
36.010
36.264
37.718
39.202
33.208
33.382
37.834
40.053
33.358
44.368
53.206
53.352
44.038
49.526
48.820
30.718
40.594
48.074
37.266
39.422
43.173
43.351
41.459
40.353
43.632
50.120
31.221
32.213
29.542
32.618
55.766
41.216
32.722
28.141
28.882
34.388
29.234
34.189
31.215
37.500
32.672
30.038
22.297
23.496
40.538
31.462
24.836
30.458
35.504
34.404
39.159
51.221
38.732
42.242
40.150
58.731
60.198
55.648
52.740
33.041
19.896
36.062
35.881
50.106
50.834
26.928
32.076
56.001
51.407
53.563
51.415
38.706
38.875
35.557
32.078
45.826
60.554
39.506
59.929
51.178
34.723
49.489
49.947
46.803
41.817
38.233
62.135
53.490
55.490
43.492
45.952
40.230
43.154
44.410
45.903
38.969
31.536
47.484
36.612
31.156
34.094
31.709
31.219
43.653
33.705
42.593
42.986
45.984
42.247
38.355
40.994
47.599
53.432
44.318
47.118
41.403
34.824
33.038
42.241
37.833
62.602
59.781
48.750
40.713
46.730
51.611
36.873
47.968
63.604
62.609
58.793
58.466
65.829
62.010
44.040
43.577
63.039
58.036
60.658
60.266
47.083
55.974
56.205
69.158
66.742
51.073
55.953
55.176
57.815
56.700
42.307
38.681
45.398
