49.159
54.948
54.348
53.913
62.220
73.399
42.603
47.883
53.365
47.307
60.106
65.311
33.112
65.408
78.084
72.884
61.556
66.290
47.524
42.294
48.357
32.812
24.975
44.260
62.750
58.024
47.109
62.226
56.573
48.712
65.213
52.963
47.611
53.549
38.434
43.075
42.341
41.871
56.055
80.209
75.049
66.251
66.398
73.231
69.724
75.799
67.133
55.949
46.797
37.880
36.786
29.067
27.608
29.052
39.909
34.607
41.251
38.282
45.158
59.181
42.354
48.447
38.162
54.173
67.413
60.558
41.096
44.201
65.385
48.391
46.753
47.022
49.722
49.004
48.827
41.058
39.314
39.383
37.204
57.440
61.554
35.452
48.641
61.134
58.024
66.410
59.434
51.335
45.892
40.693
49.551
63.296
67.862
61.924
55.608
54.833
45.976
52.803
54.776
49.530
39.857
51.114
36.228
48.383
37.294
48.276
55.449
46.595
49.581
65.709
68.404
50.152
56.602
45.617
48.388
50.058
58.174
51.520
67.045
61.963
57.787
53.040
48.952
51.678
51.663
47.439
47.835
52.159
61.682
52.356
48.630
47.937
51.364
52.522
51.444
56.801
50.842
46.983
42.473
52.356
52.154
43.438
39.787
37.728
41.494
45.016
40.556
34.668
34.197
38.430
34.410
38.042
29.854
41.224
44.847
37.217
28.251
30.826
43.334
27.665
29.828
40.342
47.569
36.268
55.039
58.410
38.555
31.458
44.712
37.557
40.628
33.399
34.564
43.221
38.837
32.697
39.152
40.552
40.326
34.758
33.631
38.883
45.958
36.416
31.255
39.998
42.928
42.102
39.784
33.815
29.944
24.504
26.497
35.374
35.437
43.259
29.634
31.134
37.596
46.952
43.124
35.653
39.075
34.355
37.114
38.908
43.143
44.060
46.211
48.931
52.065
53.060
45.378
31.039
37.062
30.468
39.805
33.666
26.984
31.356
33.776
37.063
40.156
62.829
43.645
35.533
53.947
45.529
35.631
40.737
29.521
27.338
26.003
31.919
34.889
27.296
29.026
33.894
50.528
28.782
42.290
43.758
43.472
31.169
38.128
43.481
51.430
52.568
56.792
39.603
26.294
48.524
38.480
38.695
48.147
35.205
33.874
41.868
48.117
47.604
49.840
55.587
40.553
50.689
45.605
56.078
32.983
45.031
47.048
41.100
48.182
39.757
37.080
39.148
35.677
59.608
46.927
43.217
37.000
45.788
51.638
50.967
48.077
44.199
54.847
57.981
47.833
38.671
50.776
49.619
61.419
60.755
47.967
36.667
38.298
46.305
47.785
65.719
67.460
52.799
30.310
44.467
38.972
46.581
74.342
73.487
51.278
38.803
50.616
51.631
34.688
39.310
40.521
35.627
40.722
32.948
30.745
30.722
37.740
41.425
40.589
47.889
48.955
53.873
61.212
49.556
40.095
27.292
35.173
53.363
57.182
55.193
52.613
37.745
31.623
35.171
37.187
53.631
40.672
50.613
40.217
45.388
48.350
50.854
38.391
25.666
44.899
60.253
56.607
43.644
45.389
33.580
43.469
47.625
46.857
52.337
68.093
67.658
63.538
45.948
86.345
78.908
51.698
52.891
68.772
