53.934
66.572
65.983
48.461
39.567
42.422
34.389
44.791
49.837
48.358
54.430
53.746
51.349
54.755
47.168
49.017
44.771
53.153
37.833
42.152
43.840
44.844
42.045
50.757
49.483
68.145
50.583
45.797
44.260
54.760
56.491
48.283
66.306
62.051
61.841
62.777
47.350
41.796
52.497
57.570
54.593
64.028
61.073
67.989
62.547
49.964
46.065
48.309
48.815
36.149
48.623
45.644
43.707
42.457
47.945
42.799
42.260
43.873
48.998
37.337
47.108
56.663
41.697
42.762
29.339
32.428
48.666
50.776
57.964
62.802
48.885
32.362
27.263
30.194
38.396
40.326
45.792
50.386
62.195
59.685
56.881
58.895
54.284
42.459
37.173
32.300
52.031
48.229
51.519
43.867
48.081
74.529
61.351
46.530
46.068
49.518
50.931
59.190
63.051
59.970
56.753
42.591
40.023
43.117
35.108
46.375
35.639
32.535
52.083
66.876
66.099
48.167
44.717
33.154
35.290
39.446
40.494
40.907
50.121
49.131
42.061
38.192
29.904
46.892
61.976
42.568
39.561
48.014
35.845
27.109
34.136
40.666
45.778
49.289
36.145
38.927
40.721
49.033
45.305
42.323
50.241
50.940
52.334
42.891
43.630
46.383
40.361
29.587
35.728
39.066
35.966
37.678
36.470
32.117
38.170
32.018
40.573
51.873
40.736
32.161
51.683
51.141
53.795
42.839
32.105
45.106
37.183
20.154
45.504
61.051
59.941
47.337
41.647
31.938
36.527
31.069
27.843
26.860
29.322
31.994
47.389
49.561
37.826
34.135
31.467
37.585
37.045
40.687
35.618
38.202
26.479
37.105
44.208
27.446
25.168
33.448
40.165
36.043
28.569
31.069
40.460
41.268
42.766
33.920
26.010
36.372
45.937
38.427
39.069
31.098
26.592
36.405
52.338
46.140
45.782
42.170
23.877
21.087
29.647
26.733
26.589
43.333
27.526
43.777
44.534
40.498
31.463
27.414
30.197
33.761
31.449
37.804
41.461
40.747
39.049
32.007
26.078
38.846
49.429
31.951
45.361
37.876
37.407
40.501
41.691
46.859
48.050
37.207
40.958
34.625
41.870
46.398
45.789
26.479
38.052
47.274
63.931
49.105
39.006
37.573
56.029
58.639
46.037
36.798
47.669
37.708
49.369
45.574
35.529
39.801
43.276
40.751
40.804
50.863
43.402
46.716
37.903
53.392
39.041
70.686
63.758
52.789
49.430
47.610
27.708
27.420
26.240
23.359
27.466
32.032
26.761
34.770
44.072
52.393
73.853
56.942
51.099
57.856
57.495
58.619
61.096
54.080
43.672
45.246
39.311
44.129
41.707
37.462
42.803
36.676
26.377
31.833
47.628
35.774
33.152
48.468
44.731
36.125
35.847
35.167
55.968
54.564
54.754
50.343
47.936
46.144
53.211
53.272
45.260
40.158
42.877
40.479
37.863
44.998
42.306
50.061
41.697
51.886
50.064
53.816
54.068
40.768
43.715
47.018
53.546
49.979
50.066
52.622
57.557
31.264
28.753
40.815
43.601
41.724
39.334
54.911
61.436
52.068
53.234
46.506
39.468
29.440
55.400
49.109
53.024
