43.121
47.034
48.841
42.162
49.981
44.618
41.797
29.764
37.716
52.029
39.835
49.327
48.807
50.292
47.876
34.224
39.090
46.013
46.226
46.675
56.597
50.786
44.450
36.439
42.967
38.784
47.611
43.717
40.154
40.722
34.497
37.837
47.157
49.469
47.363
48.456
53.219
51.286
47.611
45.977
44.953
54.772
54.518
59.253
49.475
42.082
31.957
40.390
58.479
59.844
67.896
53.296
59.266
48.738
44.068
66.398
64.899
51.036
53.257
51.031
55.473
60.171
38.636
47.558
40.450
53.719
38.713
42.235
55.048
42.474
36.031
44.034
38.021
60.089
59.614
54.031
32.897
54.749
48.055
38.888
36.206
60.509
62.646
70.584
66.176
74.486
45.470
53.371
44.909
53.984
65.936
63.532
64.815
71.249
72.742
61.383
40.517
28.481
33.832
48.007
54.106
42.074
34.321
49.987
31.774
39.378
39.507
37.139
38.404
55.462
53.341
52.103
44.776
45.347
48.773
38.800
45.628
48.264
53.203
41.729
44.383
51.420
50.126
36.796
41.505
47.183
44.297
45.645
46.923
41.256
43.447
44.831
48.650
44.509
34.213
28.407
28.602
31.517
36.382
45.730
32.083
29.267
31.887
36.949
45.212
57.448
54.853
37.194
43.087
38.083
38.424
46.673
34.880
33.178
40.926
36.792
32.464
43.791
42.615
33.042
29.392
33.934
38.433
47.337
37.466
39.151
39.801
39.321
29.279
23.631
39.639
52.814
39.412
38.078
34.883
34.060
36.137
41.461
40.389
47.426
44.038
42.134
48.092
41.680
46.882
41.699
36.576
38.887
29.893
31.437
30.435
28.507
31.082
42.831
43.884
32.786
34.470
34.286
49.037
41.514
29.818
27.390
32.516
43.595
35.279
55.048
49.416
37.984
26.673
31.671
30.291
54.820
35.349
33.520
38.712
29.335
19.570
28.592
33.317
39.948
50.029
41.374
28.574
23.491
27.886
23.333
26.037
24.679
29.481
21.948
24.100
25.000
31.155
45.726
53.773
58.782
56.827
34.216
40.059
48.360
51.173
46.068
38.082
38.228
20.638
31.600
36.335
47.550
36.989
63.686
68.026
67.777
41.048
40.730
53.044
42.765
37.236
38.087
53.321
62.248
58.024
38.771
23.515
21.584
33.056
24.839
30.880
31.977
30.818
39.056
39.410
50.867
68.351
63.991
52.868
45.212
65.204
45.980
36.767
41.638
48.647
51.604
69.911
69.372
56.646
52.242
39.178
42.838
39.577
37.020
37.116
49.321
48.610
50.578
46.442
55.616
57.235
44.447
39.519
34.107
33.505
31.889
42.427
45.866
47.738
58.469
45.257
37.375
47.977
42.274
34.796
43.432
50.180
49.748
36.378
37.078
37.558
30.633
33.880
31.247
36.209
35.099
40.627
49.290
54.654
43.804
39.741
39.537
34.877
31.817
49.692
36.008
44.405
53.615
43.510
48.217
54.787
61.865
41.798
49.349
35.473
38.753
36.640
47.776
50.162
35.797
50.036
31.569
50.388
47.038
46.144
51.633
52.841
44.423
39.986
33.001
35.423
43.237
49.162
42.234
49.883
36.800
34.089
46.671
57.253
