51.975
59.106
57.632
39.423
40.449
47.012
32.626
50.934
42.024
44.627
53.743
57.045
62.574
55.012
46.536
50.481
50.565
47.554
57.351
55.350
66.948
68.240
65.150
69.764
48.878
49.145
53.977
61.272
58.359
47.366
43.807
45.676
47.952
31.660
44.421
47.199
58.292
43.873
47.452
47.161
44.414
38.876
57.121
53.302
50.458
52.190
52.234
44.035
38.522
44.370
52.266
48.368
39.813
35.207
45.819
37.751
51.456
39.256
39.462
42.016
39.120
58.412
44.334
46.802
48.646
43.496
55.350
68.403
61.315
58.909
38.616
75.295
63.020
59.879
68.332
65.671
57.855
55.067
60.503
50.814
46.733
61.127
59.177
51.013
48.137
37.934
39.447
58.539
42.996
44.787
54.394
42.764
66.234
40.008
48.047
49.645
37.980
38.343
50.951
61.479
61.595
39.159
40.809
55.538
58.247
59.642
59.943
60.421
64.203
63.249
55.351
49.220
47.152
52.332
56.098
45.525
42.821
56.567
52.226
40.089
35.986
43.436
38.316
53.805
54.664
53.936
58.307
52.341
42.696
32.098
36.160
40.304
39.846
41.853
47.420
45.256
48.719
38.860
36.927
37.377
55.451
44.356
40.556
35.725
38.286
47.308
31.328
37.982
39.406
42.874
56.755
41.228
42.888
35.202
43.688
59.638
46.448
51.827
30.169
45.980
49.668
49.903
45.687
44.428
49.188
49.741
40.951
32.919
51.303
58.443
45.599
48.170
67.203
51.745
42.039
37.702
37.490
60.217
54.717
39.291
29.268
25.740
25.381
22.481
33.198
29.175
30.109
41.904
27.899
31.841
52.274
58.190
56.738
26.475
26.272
28.045
28.656
28.701
25.482
29.064
28.337
36.085
35.216
38.118
28.845
25.217
35.994
52.961
38.397
32.437
38.897
23.876
29.628
28.139
32.470
43.849
32.313
30.189
27.844
24.820
31.712
46.755
37.067
41.931
42.246
37.714
33.239
30.788
39.624
49.116
48.473
41.241
39.355
38.100
35.456
34.264
51.114
50.564
50.695
53.186
41.798
27.899
31.248
30.791
38.022
27.522
35.243
60.844
54.547
60.929
37.757
43.520
50.570
54.504
43.599
35.510
53.545
50.345
39.935
44.021
51.926
40.453
33.700
43.560
52.353
46.776
44.015
39.119
35.384
54.766
59.488
52.840
37.942
37.746
38.451
32.509
47.625
39.654
40.746
47.605
43.840
45.040
37.385
35.331
49.725
29.471
29.485
45.923
59.904
53.599
29.063
28.396
46.044
47.869
39.918
43.044
45.059
48.385
39.635
35.929
37.166
45.335
52.388
59.067
38.718
30.455
33.903
41.282
48.469
34.956
27.137
29.828
28.355
52.503
37.149
27.046
49.405
65.941
59.306
54.728
47.188
54.474
39.644
56.275
41.464
51.403
44.592
46.449
35.646
27.991
47.561
55.953
38.126
31.124
33.232
46.668
35.198
48.418
38.119
35.934
41.343
47.386
40.646
70.585
74.045
63.753
47.120
48.014
42.570
48.062
48.853
50.594
34.175
44.289
49.123
64.659
57.127
49.075
41.658
42.314
55.931
46.298
53.197
69.302
65.878
