31.737
35.222
33.313
34.534
65.730
60.665
52.817
37.729
39.023
41.537
35.963
35.677
41.732
61.797
43.059
38.797
55.976
61.910
71.283
61.495
46.001
57.901
62.255
47.036
64.827
62.915
52.756
37.534
52.085
32.914
48.299
46.514
40.140
38.904
41.588
43.752
43.873
52.970
41.511
52.665
50.154
44.865
48.920
48.783
34.032
48.837
45.708
45.034
41.376
37.047
42.132
56.934
63.131
59.104
52.351
46.149
49.697
43.005
43.001
54.903
75.429
68.698
61.024
52.613
60.565
47.297
49.120
46.528
46.579
50.692
60.495
54.134
57.059
50.451
40.074
41.234
42.907
39.910
51.370
54.907
47.765
60.269
51.588
64.886
62.131
74.300
67.228
48.019
47.322
44.386
40.457
48.700
53.287
41.335
36.361
45.280
56.572
59.784
53.137
54.599
61.487
59.637
54.220
51.121
49.885
53.065
50.314
40.859
55.844
52.776
43.253
46.822
36.237
28.201
34.784
43.719
38.788
45.309
37.181
40.520
38.166
40.121
37.130
27.591
18.721
20.787
27.363
25.445
36.658
47.567
44.915
40.512
42.518
33.908
34.010
46.096
49.187
45.702
44.339
39.027
47.747
44.300
50.327
45.386
43.459
46.446
56.140
45.348
36.742
35.514
41.379
45.142
41.154
36.995
43.683
43.653
39.870
33.138
36.018
37.804
40.146
50.157
38.223
33.288
30.020
38.292
31.784
40.584
32.849
39.802
39.194
50.654
46.954
48.009
45.512
38.576
48.453
34.454
47.488
45.889
39.807
35.105
34.026
42.349
47.978
41.837
43.061
42.684
45.538
41.396
40.467
38.809
44.960
44.636
50.169
46.302
43.142
32.471
43.057
42.503
48.896
38.041
42.815
27.265
24.369
26.107
38.817
31.657
23.015
25.375
27.476
21.515
23.348
29.141
40.946
44.328
45.155
41.742
37.686
33.523
31.901
34.153
43.948
35.927
58.015
51.949
43.811
38.064
33.829
33.402
51.029
31.512
34.887
38.189
37.415
38.156
20.197
36.340
40.744
36.823
52.618
35.012
27.405
31.559
29.411
44.080
46.738
32.937
45.172
46.147
30.998
36.950
38.317
34.676
36.687
37.995
56.162
32.875
23.884
28.408
35.107
41.336
45.440
35.174
36.949
38.866
36.080
37.275
46.733
45.938
40.855
44.331
33.578
55.174
54.128
44.660
36.450
50.056
41.126
32.847
33.384
30.800
42.793
68.799
71.106
43.534
43.164
34.217
44.315
33.522
32.622
35.541
42.094
56.813
53.983
37.541
40.904
49.062
58.632
57.807
49.622
49.837
46.272
46.043
51.194
59.074
55.093
54.428
47.057
43.666
48.946
35.048
22.943
49.207
60.040
41.517
30.366
40.951
54.728
55.420
55.079
35.408
67.002
56.539
68.252
84.182
68.737
45.246
47.232
48.955
48.637
50.076
58.001
43.017
46.715
45.205
52.636
53.686
55.525
59.534
48.538
38.307
35.522
42.861
65.721
47.154
42.487
51.495
38.233
48.461
51.038
34.528
50.970
51.364
68.706
60.448
46.782
45.285
47.756
43.566
45.839
57.061
48.507
44.721
59.954
43.180
