55.136
56.726
64.067
42.454
46.102
52.265
49.567
56.223
47.106
53.982
55.081
39.660
57.172
51.307
59.269
54.598
47.037
45.741
44.658
40.161
37.668
29.395
41.034
46.152
49.919
53.296
51.783
58.125
49.885
45.919
54.273
56.544
61.660
50.853
40.250
54.224
65.616
48.421
36.058
47.299
47.474
54.121
49.861
43.109
47.358
52.529
54.524
54.872
60.486
60.186
44.027
50.227
58.345
59.204
62.864
51.926
68.349
52.056
59.334
53.204
55.596
55.165
55.896
55.708
49.100
49.922
65.535
58.563
51.621
45.651
54.133
54.259
55.117
50.313
43.371
38.195
35.622
41.322
50.875
44.542
42.596
39.725
53.845
53.663
51.194
48.913
44.484
42.767
43.854
54.146
41.831
50.635
52.678
47.185
33.793
41.026
31.553
33.326
34.723
39.426
40.768
51.304
52.622
56.383
59.715
53.030
51.416
40.196
42.126
41.104
45.212
41.591
45.278
36.023
24.210
33.602
42.169
40.663
46.078
34.083
35.451
31.796
46.071
41.681
52.712
49.638
34.835
48.079
44.691
49.310
53.861
59.451
57.173
58.309
43.646
48.846
48.754
46.462
41.883
31.792
30.924
47.524
46.804
45.422
46.448
37.884
42.510
40.837
39.635
60.317
47.314
45.808
41.110
41.016
26.823
35.869
29.254
22.356
34.428
41.628
48.092
43.861
43.809
39.109
35.530
29.055
40.045
47.675
61.282
58.233
47.401
44.383
38.276
32.177
29.566
43.214
28.710
38.650
39.146
31.166
27.872
29.385
48.400
46.529
35.562
30.878
41.316
48.625
50.143
45.884
42.818
40.556
39.937
34.061
48.527
38.008
42.525
33.046
35.026
31.665
37.859
39.909
41.907
41.109
41.537
50.752
40.060
33.914
35.718
57.015
34.681
29.349
28.881
23.135
37.477
33.320
48.839
29.555
29.524
31.284
25.952
38.712
30.425
34.360
25.971
38.642
49.514
45.334
43.873
40.463
37.993
32.976
43.890
36.243
40.798
42.488
51.842
45.493
47.176
51.373
44.556
45.489
36.552
24.462
27.706
37.922
23.606
26.005
29.275
32.827
35.183
42.191
31.665
43.325
24.137
41.990
49.294
52.727
45.065
37.669
32.965
40.341
45.357
36.264
36.406
55.270
45.180
37.829
37.799
30.328
23.325
26.277
31.880
37.610
38.703
43.806
29.514
52.984
53.158
37.178
22.577
28.054
37.651
37.570
36.611
39.065
35.614
42.598
34.694
46.524
55.988
56.718
55.387
54.242
41.219
46.144
47.719
57.310
41.325
39.577
43.459
46.982
37.416
43.933
42.269
44.767
58.431
69.990
66.008
46.545
29.338
61.747
53.483
41.552
56.072
63.916
67.547
65.865
35.210
39.806
26.808
32.032
33.601
37.835
40.110
49.176
43.590
43.063
58.011
52.920
47.973
50.896
67.664
62.927
52.673
52.463
52.576
51.977
59.702
48.393
43.420
56.779
52.531
52.165
54.936
49.697
47.216
35.971
51.405
52.870
58.373
53.440
51.458
55.304
48.181
44.512
37.253
42.140
36.362
41.726
44.382
40.975
37.656
51.155
48.469
