48.128
68.053
74.118
55.252
59.057
61.168
41.544
45.267
51.326
52.242
81.397
64.829
57.398
57.286
52.581
67.560
48.505
43.309
45.500
47.529
57.707
66.436
65.283
69.355
53.553
63.634
46.506
27.561
39.153
47.771
51.775
65.745
68.902
65.647
66.122
62.027
55.481
48.808
53.445
40.354
44.329
52.722
55.355
39.766
29.841
38.708
61.936
51.138
45.348
56.650
60.717
71.373
44.753
41.929
42.252
47.972
43.918
36.999
60.257
58.095
56.579
61.755
65.159
69.252
71.502
69.645
58.930
52.822
48.190
44.087
31.492
50.136
46.881
43.548
52.145
80.073
55.635
56.382
63.446
59.687
53.721
54.282
36.890
39.577
40.196
34.454
34.871
42.410
42.295
38.254
39.081
45.352
34.020
36.055
47.799
54.350
42.694
27.782
30.745
51.819
53.557
65.043
62.475
52.056
48.996
50.237
56.624
48.989
43.582
43.948
53.125
63.599
57.858
54.022
50.815
58.933
64.047
56.101
52.892
59.082
58.664
56.230
57.285
58.568
58.667
54.045
49.628
53.230
53.333
55.876
54.383
49.329
53.636
47.493
50.785
49.486
38.920
45.698
46.635
41.250
38.974
43.702
45.632
42.850
45.082
48.711
47.841
39.074
39.151
33.723
32.712
30.356
35.849
35.989
27.004
40.675
41.375
38.289
43.579
37.591
33.895
37.745
28.958
26.073
33.240
44.973
34.770
49.296
54.423
55.681
32.979
31.079
36.557
42.049
36.149
42.289
47.262
52.439
32.620
36.209
28.778
34.287
29.948
51.966
47.847
29.908
52.339
46.877
37.528
49.791
40.999
42.108
48.147
31.021
31.522
26.550
31.338
35.947
33.410
45.151
42.180
46.723
44.896
32.398
38.768
42.897
51.148
63.187
62.272
49.220
41.894
34.982
30.425
32.557
35.096
33.102
33.143
27.031
29.127
40.819
37.573
57.522
54.844
46.379
29.375
34.681
31.361
43.255
33.253
24.345
41.091
52.930
52.057
33.797
45.498
54.342
48.264
51.011
53.154
41.807
38.809
49.686
26.440
28.793
48.094
42.366
31.079
27.960
25.859
34.915
45.248
37.903
31.059
40.996
42.544
40.129
35.191
56.434
55.030
49.977
32.103
34.720
49.390
49.749
49.019
37.946
40.771
45.985
40.734
43.728
33.982
29.615
36.551
35.897
53.656
47.333
45.669
40.215
40.849
39.183
37.301
46.389
39.831
46.445
46.873
45.646
49.429
35.868
42.933
48.512
35.232
29.728
30.544
61.707
54.427
35.199
41.006
35.532
39.889
41.290
40.398
39.135
39.640
42.000
40.298
43.271
43.729
43.985
38.535
50.003
46.829
53.649
55.463
47.612
43.685
41.664
52.665
40.397
42.866
36.219
33.140
38.889
37.442
41.728
51.294
54.241
61.880
48.375
50.620
44.950
36.194
39.675
42.584
41.672
43.979
70.718
67.859
44.877
41.740
43.832
40.431
49.232
52.091
49.554
62.217
70.368
50.335
46.264
45.947
57.938
47.877
38.692
54.661
72.380
54.415
39.258
39.533
56.295
60.465
56.154
49.241
51.992
47.752
47.891
49.440
