41.775
46.262
39.134
48.479
46.641
40.781
45.503
53.203
64.673
62.140
65.402
52.028
56.834
43.937
46.828
65.817
73.074
69.858
51.341
36.602
37.187
35.145
49.545
45.741
49.497
49.612
47.369
53.584
41.738
54.396
55.191
57.950
65.206
55.556
49.741
45.434
61.341
69.011
49.347
56.400
62.399
68.462
68.390
50.594
48.019
66.872
53.773
47.986
36.507
41.927
50.674
60.411
50.298
51.527
50.443
65.412
56.792
48.606
50.483
62.352
49.953
41.015
56.913
56.793
57.742
59.874
40.599
36.679
47.430
64.812
40.072
34.329
32.711
33.036
42.796
49.968
40.864
33.499
42.813
43.601
39.266
44.090
40.342
32.931
44.749
56.798
39.251
39.830
47.010
55.112
48.651
47.334
43.908
48.561
44.235
47.867
47.136
43.449
44.117
46.155
57.296
51.553
62.687
58.046
44.226
41.918
47.125
38.415
44.609
45.293
49.753
54.760
53.875
49.968
42.582
43.066
35.717
42.015
39.308
55.000
57.056
58.838
57.809
56.400
49.606
36.562
35.719
43.824
42.076
36.782
39.350
32.422
36.900
39.128
39.514
35.203
46.369
47.796
37.703
47.273
54.769
53.750
45.744
41.799
53.538
52.255
56.531
56.978
45.816
51.097
47.138
43.238
37.821
40.189
27.802
35.516
31.714
25.104
29.997
26.904
23.692
21.007
33.962
47.765
30.942
30.463
30.587
33.071
32.148
33.490
23.511
48.748
41.210
24.353
35.325
28.716
38.267
35.689
24.518
32.215
31.482
29.885
36.713
30.933
37.455
39.731
33.959
32.224
32.494
37.751
58.551
25.460
44.158
39.034
25.472
16.790
27.163
46.075
39.328
29.123
21.984
27.158
26.085
31.738
28.116
28.095
38.851
37.865
27.592
22.251
34.647
37.390
41.590
43.549
34.441
41.964
37.035
36.131
24.471
43.489
33.063
42.586
44.476
45.335
41.535
36.551
30.248
38.463
49.865
46.096
42.669
36.737
43.204
31.547
31.516
31.023
35.603
44.681
54.832
66.420
62.554
53.131
39.690
33.989
45.356
74.742
69.774
58.202
45.368
33.004
23.876
26.596
35.802
32.775
40.223
22.545
32.782
39.971
41.759
30.697
30.719
32.403
40.976
40.518
41.685
42.090
38.991
42.090
35.437
25.745
21.879
31.454
45.220
49.965
57.061
39.283
39.982
40.518
29.077
37.154
41.718
36.356
33.681
27.254
36.848
38.299
37.217
37.565
36.821
38.284
43.450
39.617
33.896
44.499
37.646
50.209
39.926
43.760
47.922
38.658
52.043
67.516
59.495
38.754
57.351
48.840
37.369
45.658
55.952
57.251
46.442
38.786
42.438
47.797
49.022
51.987
56.578
53.504
56.389
54.784
45.058
40.942
34.718
39.573
46.906
47.906
53.607
52.424
61.250
42.012
35.747
48.382
30.787
55.420
56.661
47.483
40.002
42.081
53.943
34.982
46.644
48.929
51.325
60.932
61.482
59.295
55.030
74.351
70.894
35.708
34.786
48.892
48.663
52.664
65.486
62.872
42.838
44.436
50.139
59.036
55.856
63.283
53.456
47.576
57.783
