42.579
49.037
56.947
41.777
46.845
55.242
73.304
51.149
56.112
44.044
44.513
43.709
39.437
40.787
40.120
36.122
49.785
58.601
69.301
85.246
66.990
49.304
55.923
58.325
63.960
69.650
60.310
54.450
43.410
47.444
63.338
43.247
42.054
43.199
47.211
45.707
55.546
66.062
55.994
54.986
62.237
57.219
42.250
56.048
74.009
71.608
56.399
49.966
44.254
57.313
56.905
58.563
56.423
57.999
63.360
65.428
69.082
65.580
66.918
61.693
57.307
63.005
64.660
64.038
57.803
39.306
38.231
47.513
47.927
53.387
56.776
48.968
57.261
43.000
42.241
39.946
50.946
34.891
32.207
26.547
33.533
35.699
42.677
42.144
45.317
39.459
42.026
39.622
54.395
48.789
34.914
41.105
34.829
53.166
43.236
40.016
43.053
40.618
43.897
53.188
55.446
55.495
55.227
56.830
45.923
51.684
61.628
39.546
44.380
51.237
47.138
40.110
44.792
50.551
49.852
51.310
45.642
41.276
39.177
45.086
35.423
44.994
39.019
49.409
33.912
45.696
53.580
45.695
39.499
45.236
53.568
41.025
40.391
31.952
40.096
44.967
49.380
40.575
33.111
42.941
46.527
41.034
33.798
41.414
47.265
55.512
56.060
49.033
54.126
32.632
35.790
27.769
39.154
31.510
48.467
57.847
40.633
37.754
27.419
30.634
46.114
44.213
35.479
38.954
40.048
39.088
45.457
52.270
42.400
28.897
37.870
30.823
48.081
47.195
38.507
24.045
24.874
40.268
37.130
30.108
37.101
35.445
37.095
38.217
47.724
40.832
30.320
30.256
37.385
43.053
41.196
36.418
37.044
37.423
36.198
38.625
32.733
40.668
33.677
38.302
42.987
32.716
29.935
37.731
33.271
36.139
33.138
38.474
43.013
37.714
37.965
25.182
31.733
40.300
39.822
48.553
51.823
66.894
65.577
34.708
32.424
32.201
32.999
32.194
31.176
42.346
39.120
33.883
37.392
43.998
42.403
30.205
41.068
52.198
28.812
39.047
52.962
37.247
37.038
57.117
52.199
41.402
41.011
47.518
28.114
35.383
34.407
34.231
34.155
42.251
64.842
50.915
37.408
41.449
44.085
47.557
51.662
46.031
38.960
41.046
34.938
39.629
42.095
39.375
34.979
34.038
39.773
37.882
38.828
52.980
38.178
56.273
44.919
29.567
46.932
43.609
36.250
33.049
29.396
29.389
43.217
37.845
56.758
49.428
47.695
40.007
49.193
39.924
32.112
29.758
34.105
34.865
33.683
28.258
31.483
37.022
45.782
53.332
49.482
33.009
49.678
36.228
44.160
52.158
38.748
46.744
47.701
42.018
23.849
32.248
37.425
53.738
29.486
52.597
49.276
43.074
59.618
72.069
69.363
59.333
44.508
47.766
34.343
34.255
36.941
43.373
47.015
44.757
41.710
50.717
52.234
55.177
52.405
49.221
35.516
36.607
40.504
46.837
48.233
53.541
39.688
51.588
54.527
47.991
44.831
41.337
47.400
60.251
76.878
79.777
66.398
39.116
53.440
58.501
52.945
54.713
58.680
60.411
42.070
43.366
58.090
73.204
58.930
45.658
42.758
