38.883
48.114
51.809
41.383
45.195
45.721
55.251
54.035
41.811
39.062
50.801
56.518
54.007
61.255
63.878
65.015
55.603
45.724
48.232
38.423
49.043
56.790
60.435
60.201
56.668
62.924
61.285
58.669
60.261
72.077
60.147
54.861
52.030
50.233
48.854
36.794
44.271
42.601
53.107
47.521
39.575
40.010
41.602
47.833
31.226
35.796
53.761
63.037
43.564
42.975
29.363
44.526
54.946
53.643
64.366
42.755
39.153
61.722
50.468
40.932
52.314
62.228
54.405
50.299
40.195
50.636
45.705
56.079
56.627
50.982
42.537
26.506
38.210
54.183
53.999
42.482
41.867
33.505
39.979
47.744
54.887
57.095
55.589
50.943
51.506
50.954
49.179
58.175
45.721
54.044
62.295
56.240
66.769
74.003
66.523
55.252
61.362
56.714
51.517
51.026
48.995
48.610
58.406
49.329
59.980
72.933
76.990
79.135
74.090
62.737
47.340
48.694
46.764
44.296
38.703
42.539
47.935
52.627
60.241
53.373
59.549
47.084
55.313
57.301
50.156
48.123
47.067
44.684
37.716
40.215
51.138
46.162
37.410
26.900
15.860
25.111
29.213
36.292
46.738
40.738
38.713
43.962
58.262
56.180
49.082
47.580
45.485
38.209
53.787
62.508
53.788
48.741
59.743
50.635
44.285
35.188
31.877
37.344
50.179
43.144
47.231
46.986
33.269
48.865
54.157
51.464
46.986
47.319
35.542
43.132
46.124
28.381
36.107
45.501
36.524
43.974
34.309
40.358
40.271
33.255
31.939
30.962
35.595
42.245
47.167
41.815
47.295
42.756
50.645
40.546
41.986
37.109
42.271
47.495
35.086
56.240
60.078
34.321
31.830
35.711
38.360
47.191
36.511
34.927
40.990
35.376
50.525
48.491
49.628
56.931
48.877
47.684
47.459
50.331
43.092
37.125
32.452
33.071
50.427
43.893
30.492
32.056
24.257
27.799
25.646
23.080
38.296
45.066
46.029
47.152
46.758
43.607
50.427
47.441
37.520
38.200
46.956
46.705
39.149
37.473
30.306
35.636
30.225
36.211
43.767
35.800
33.400
27.447
31.415
44.090
51.373
65.598
55.628
58.345
25.691
17.858
32.243
36.513
33.524
30.088
34.765
46.578
44.794
45.749
38.806
41.972
31.735
28.745
33.370
28.692
29.813
58.149
51.187
46.991
54.775
52.934
32.648
40.348
35.272
49.112
39.641
34.133
36.969
41.758
53.293
52.971
42.894
38.293
43.240
48.849
28.980
41.050
37.818
44.074
49.053
34.746
46.743
45.936
40.649
42.747
43.789
50.523
37.924
55.597
30.539
37.361
48.926
36.608
30.850
49.763
57.556
58.268
46.596
44.629
27.579
32.696
52.552
49.153
41.178
37.392
38.346
38.242
45.390
35.139
28.573
38.601
43.485
39.561
51.001
54.183
67.673
62.610
49.000
46.865
30.749
48.271
36.543
34.554
33.013
43.668
46.530
46.761
65.431
54.885
34.866
43.586
56.644
66.868
62.432
40.051
37.668
35.942
44.227
45.821
48.747
60.362
42.396
46.428
41.697
41.415
49.864
51.070
52.326
59.165
48.883
45.862
