49.199
50.604
48.168
61.624
61.323
54.389
48.187
50.400
46.600
60.480
32.575
39.927
48.211
42.495
46.094
49.705
53.659
57.432
46.420
45.719
48.465
54.581
47.109
36.928
47.010
40.969
43.181
54.489
55.237
65.937
62.882
50.706
53.804
36.484
36.151
51.255
46.398
42.879
72.297
43.533
50.746
44.652
43.984
52.783
57.120
62.208
57.501
44.537
48.272
46.826
39.015
48.547
44.974
56.964
65.835
55.721
52.393
63.723
61.573
61.516
60.315
64.001
70.967
67.573
75.823
76.003
72.604
69.165
59.631
50.324
62.911
64.034
69.474
55.091
37.307
50.183
57.722
53.758
35.516
39.633
50.537
31.316
39.447
57.604
67.821
54.887
47.738
32.306
34.316
37.581
42.806
32.536
38.803
41.830
39.422
37.091
56.934
56.915
45.758
50.930
58.920
58.186
45.382
47.283
39.715
40.226
37.415
32.741
31.313
37.352
33.137
43.673
49.901
47.833
43.097
48.138
32.589
52.805
52.297
37.634
35.165
44.607
51.213
44.989
43.474
48.317
44.938
46.659
36.894
38.526
41.462
47.405
58.140
54.959
56.510
51.683
38.182
41.806
39.749
37.792
47.119
46.988
38.710
39.955
42.031
53.758
47.145
40.215
31.597
41.217
42.191
34.236
46.065
37.171
45.470
31.055
39.769
43.490
44.352
44.808
50.400
47.951
53.129
50.953
55.906
52.018
53.243
57.375
43.530
39.915
39.825
44.363
49.903
46.835
40.299
35.188
33.243
40.872
43.118
45.810
45.237
53.839
42.842
50.096
48.256
48.966
62.382
53.516
50.344
38.228
33.322
43.198
38.215
42.894
47.041
44.995
46.202
37.006
29.379
39.187
32.027
39.504
41.569
50.017
58.639
51.149
49.025
59.535
50.928
56.650
47.963
46.942
47.632
39.249
47.179
35.826
35.422
38.410
34.998
31.498
22.630
25.905
30.357
35.272
38.809
44.944
42.012
35.231
29.917
39.877
37.860
41.597
44.877
31.606
41.472
28.039
54.124
54.449
48.958
43.937
46.181
33.780
30.518
33.109
41.732
50.891
59.145
52.295
49.497
54.800
34.409
37.436
32.228
50.450
37.579
46.349
40.267
43.403
45.396
44.295
39.144
40.342
38.072
33.130
31.972
39.730
42.179
55.184
43.006
43.072
51.203
57.044
49.663
35.274
43.004
47.132
58.469
36.882
34.676
49.774
53.745
57.179
62.950
45.619
35.822
29.290
30.537
33.264
42.639
43.829
49.233
36.360
41.162
36.834
32.453
29.606
28.504
36.741
43.709
50.148
48.914
41.495
35.017
54.034
43.246
39.108
44.474
44.671
45.557
44.378
59.879
38.423
39.639
44.157
42.802
43.467
35.478
54.024
43.295
37.643
38.951
32.343
44.585
45.076
44.727
44.728
42.807
53.390
40.393
39.341
45.259
57.285
45.408
47.013
30.537
45.294
37.233
34.255
75.822
59.232
40.237
46.510
49.563
57.772
49.758
36.270
38.261
46.801
61.728
72.994
62.153
56.683
57.981
50.644
76.631
60.944
54.375
38.400
58.454
39.723
45.229
37.833
61.352
67.287
48.444
25.412
