40.035
40.932
48.104
68.806
59.867
54.133
49.663
49.028
46.211
54.617
44.400
61.215
69.256
69.505
64.887
70.058
54.882
47.580
56.810
60.899
43.106
54.005
55.476
45.206
53.265
33.080
59.372
66.180
50.916
36.567
44.320
45.667
44.539
67.344
64.011
61.779
50.479
48.384
58.479
49.946
64.609
54.606
46.690
41.407
40.011
49.657
62.836
66.799
42.460
39.927
48.445
59.748
71.137
54.469
47.222
50.433
65.551
66.464
68.355
58.190
49.050
44.734
46.206
48.743
58.930
59.724
51.672
56.453
62.788
60.012
55.733
54.378
53.883
49.976
48.101
55.452
64.942
53.808
48.924
45.627
50.212
56.765
59.531
68.284
67.290
63.220
62.315
51.847
56.265
52.538
48.423
35.136
38.080
27.515
33.719
32.680
41.859
46.381
44.828
40.104
38.817
40.713
51.583
39.320
45.197
50.134
49.647
46.189
38.489
31.770
40.781
32.300
34.187
36.194
37.129
41.308
42.813
47.542
49.253
49.916
51.043
47.676
42.501
38.083
32.547
31.309
34.241
31.065
27.896
45.546
60.118
51.969
50.609
40.536
42.646
47.207
47.728
52.636
38.872
34.137
37.228
47.884
52.826
46.067
35.167
47.103
50.796
36.175
39.242
37.654
45.686
41.997
41.188
36.145
34.073
49.685
40.108
38.654
33.744
27.584
28.567
35.462
35.519
30.621
31.287
34.782
38.131
30.282
35.807
46.977
42.149
59.796
40.855
31.613
27.148
35.175
43.727
37.439
40.235
36.384
36.094
36.100
39.467
32.070
44.026
36.289
30.121
37.627
27.177
20.471
33.829
20.603
27.027
27.951
52.756
41.465
45.137
32.131
43.136
22.175
41.465
47.560
38.510
43.783
50.567
43.543
31.504
37.456
30.253
35.124
27.420
29.318
23.866
27.149
25.186
30.001
35.644
34.130
37.863
47.098
50.709
33.834
32.330
29.321
41.453
47.209
51.757
39.679
52.663
56.264
50.494
39.077
33.664
35.780
43.710
35.835
37.527
26.446
28.691
25.099
29.951
36.453
37.117
45.109
49.694
62.397
36.540
37.452
40.268
37.323
45.948
45.127
37.594
33.791
49.888
51.452
42.203
39.439
40.793
46.798
36.283
40.550
35.315
43.739
50.935
53.432
59.448
60.777
24.005
30.271
40.338
53.487
30.460
58.027
49.772
43.576
38.317
31.351
25.157
35.189
50.080
64.213
43.117
53.445
47.859
47.954
28.728
25.183
29.016
33.825
43.503
36.899
38.287
42.708
50.303
43.125
61.139
61.793
60.168
46.284
47.579
43.861
32.039
50.505
61.394
46.180
30.789
44.780
47.280
50.565
45.662
33.863
41.906
50.814
42.672
35.371
38.123
44.350
51.560
52.847
54.697
63.017
69.480
59.138
57.832
47.748
39.566
42.311
40.153
42.448
34.806
59.826
45.121
57.609
64.865
67.089
61.018
42.729
64.610
61.349
57.061
46.429
38.379
36.481
51.005
48.590
61.447
70.631
37.735
63.637
54.821
57.725
46.441
36.749
32.386
45.515
38.868
47.091
69.426
75.245
68.182
59.199
44.161
45.897
44.958
