52.849
57.966
41.682
38.760
39.092
39.360
32.315
38.509
64.610
40.930
62.075
72.745
72.047
46.651
55.793
43.117
41.463
75.068
82.217
57.284
57.132
44.953
64.526
64.100
51.750
61.819
52.046
48.975
45.763
42.376
56.045
49.578
47.859
43.231
56.462
69.365
66.044
36.273
41.189
38.419
42.149
51.803
43.990
48.611
39.769
33.151
53.359
43.166
38.883
42.860
39.389
38.713
46.096
50.592
47.175
43.232
54.952
44.490
50.648
48.673
47.522
65.777
45.845
34.740
38.901
62.321
69.315
47.664
54.092
45.328
57.353
42.060
48.316
64.243
64.753
61.630
53.616
61.325
70.883
70.842
64.566
51.566
52.889
66.423
69.232
66.624
61.403
53.197
40.035
44.057
48.184
44.173
47.142
50.513
48.023
48.908
55.814
66.160
71.337
59.294
63.878
58.654
44.223
42.082
39.499
36.928
43.309
61.117
54.679
41.910
41.744
54.705
62.414
36.934
45.790
45.006
43.989
42.774
40.191
40.391
45.618
41.052
44.669
52.798
55.232
52.650
54.098
58.884
52.007
46.118
52.265
53.453
45.514
56.324
47.734
62.805
53.385
37.753
53.494
51.433
44.205
54.860
54.375
58.683
55.107
54.858
60.838
53.787
48.309
43.200
44.652
41.584
44.407
42.598
34.739
31.376
34.843
36.554
33.050
35.437
35.681
37.755
39.575
44.408
37.848
41.350
42.424
49.521
39.133
33.563
41.921
38.159
30.776
40.780
35.782
47.590
37.367
41.899
44.404
39.510
33.326
34.977
41.993
56.603
65.276
52.302
58.321
45.068
44.152
40.191
39.388
39.749
29.595
39.606
49.171
45.777
46.402
52.065
44.823
39.432
44.233
49.974
40.839
51.400
33.219
30.748
41.221
46.864
40.399
44.594
42.174
34.693
35.544
33.846
43.210
57.457
58.776
43.759
57.004
36.418
36.843
29.304
29.686
34.602
35.763
39.379
57.033
35.779
31.557
27.667
29.859
47.852
35.719
39.758
47.717
46.394
50.645
43.229
44.154
33.101
46.391
40.887
38.335
39.277
39.655
56.283
43.072
42.480
31.791
40.870
46.596
37.969
48.010
35.081
35.005
34.166
48.386
56.048
53.781
39.229
29.356
33.413
43.078
48.376
41.895
50.317
48.643
32.214
54.637
50.242
38.442
34.568
33.116
38.798
32.757
34.805
34.110
29.401
41.108
38.916
36.562
29.596
45.627
51.604
44.825
43.302
49.171
45.021
43.922
33.463
48.701
34.413
31.773
35.656
30.975
33.567
38.173
31.777
40.381
55.012
49.355
32.995
49.427
41.819
51.985
43.078
47.752
30.451
30.178
64.713
65.217
39.508
69.891
67.985
61.247
34.010
54.445
57.713
48.175
39.612
41.539
44.493
54.014
49.291
44.715
48.014
52.598
53.753
62.711
57.017
49.407
37.266
35.255
44.849
42.616
53.507
60.464
55.952
39.507
55.218
42.745
54.576
60.562
44.012
40.682
27.988
32.482
35.288
54.768
55.127
60.476
60.781
49.159
49.367
40.039
40.287
41.121
46.047
43.205
36.049
47.699
48.449
41.424
43.335
31.828
