50.676
39.908
33.721
36.503
39.915
41.117
45.206
41.060
54.070
54.723
38.028
54.904
61.360
46.627
56.245
54.097
42.840
42.901
48.339
52.913
52.253
42.133
48.125
72.213
67.896
59.464
58.504
60.158
62.660
65.095
66.581
60.723
52.572
43.409
66.901
82.065
73.022
50.054
57.614
60.416
50.542
51.017
51.547
42.010
34.664
43.318
48.904
43.235
42.710
35.267
41.922
47.958
60.170
46.387
39.098
35.203
42.415
34.911
42.732
37.578
36.368
47.948
59.938
61.583
54.692
47.603
50.999
55.865
58.929
61.972
57.316
66.514
74.313
62.813
53.246
50.650
54.301
50.021
48.448
49.035
53.789
49.858
40.281
37.129
47.567
44.456
40.218
38.937
39.024
46.259
41.112
50.687
47.258
30.637
48.716
64.851
57.018
38.906
21.934
20.661
35.079
49.086
34.295
30.569
33.077
40.206
39.932
47.085
53.773
55.411
56.168
59.152
59.323
63.218
50.663
55.702
60.006
58.205
63.658
65.951
61.555
48.604
39.333
33.101
34.207
32.383
34.622
40.412
44.005
40.341
39.236
33.864
43.116
49.550
45.183
45.915
48.265
44.708
48.153
45.284
44.792
45.828
46.855
50.954
40.006
39.445
35.259
40.676
60.205
60.880
34.568
41.602
44.780
41.603
38.273
42.187
50.657
52.922
49.388
48.383
41.042
41.580
39.231
35.738
38.262
33.530
39.593
39.789
48.698
50.168
41.056
42.844
39.906
35.773
51.926
53.127
48.658
49.424
51.973
52.007
40.787
36.497
33.646
38.239
33.597
23.203
44.679
39.527
35.348
30.143
28.287
30.057
37.671
21.506
25.442
26.136
34.420
39.093
37.177
40.196
35.018
38.836
36.402
39.189
42.847
34.631
31.304
36.629
35.301
36.792
34.577
30.653
22.806
31.501
21.346
25.817
22.950
36.933
54.448
48.487
47.184
46.508
27.632
31.392
32.659
29.742
46.770
47.861
45.368
40.222
36.304
49.177
49.953
36.572
28.629
32.393
48.345
52.405
49.141
43.481
29.545
34.418
30.221
33.933
42.646
52.677
50.290
35.596
52.883
55.233
61.265
51.002
31.089
31.337
48.101
55.974
38.782
30.565
32.311
41.454
35.658
51.828
50.375
47.426
43.368
33.877
38.074
38.469
44.168
38.105
35.561
25.487
24.433
42.561
41.450
41.162
49.880
46.881
44.034
64.286
67.589
55.363
70.808
65.249
41.580
30.646
29.351
43.703
47.818
46.750
57.535
31.568
31.643
34.721
37.081
50.812
31.306
33.140
29.949
35.628
35.576
40.333
30.838
31.404
39.334
31.977
42.123
46.326
58.630
40.361
37.029
30.950
31.397
36.185
39.299
34.880
34.848
40.487
42.997
43.982
30.634
41.152
45.388
45.067
41.876
43.873
46.825
56.621
51.201
70.131
55.857
61.712
58.507
52.312
51.494
48.317
54.011
58.423
57.624
57.254
70.735
59.235
50.795
42.221
41.256
42.453
59.260
54.631
55.833
61.840
50.405
46.774
47.559
59.369
59.569
50.738
41.429
38.914
66.659
64.971
60.653
49.274
57.299
54.876
35.047
