69.183
71.513
52.557
60.724
63.722
54.818
54.432
51.695
45.238
40.245
66.061
65.846
50.169
43.970
49.850
53.797
56.378
62.243
62.538
42.661
39.214
41.929
39.195
43.261
54.895
47.261
50.556
55.295
42.785
51.331
41.257
42.029
44.710
51.307
60.395
65.755
61.856
51.777
52.491
55.200
43.210
46.359
43.078
64.156
60.216
52.637
48.293
60.640
39.726
36.426
31.995
36.619
40.467
58.376
58.113
41.690
40.277
49.459
46.398
46.872
48.161
57.842
43.776
46.012
49.772
42.325
54.524
52.479
61.171
58.572
64.298
52.855
46.688
55.756
56.703
59.229
54.567
50.017
42.159
40.728
38.012
33.840
38.901
41.414
48.164
49.042
48.348
46.663
55.465
49.736
48.112
47.317
61.141
51.078
56.014
60.565
60.666
55.520
56.908
62.345
65.350
56.362
49.338
46.472
39.507
44.780
40.626
43.978
48.849
56.964
50.774
48.699
43.010
40.404
37.735
44.821
41.792
45.722
48.413
48.039
43.041
53.537
49.809
48.021
42.430
32.263
37.401
42.505
34.691
40.274
50.884
46.586
48.273
60.221
47.570
43.302
53.261
51.594
46.685
39.742
44.112
42.189
46.829
48.190
47.740
46.273
39.590
45.993
60.688
55.833
39.903
38.233
28.802
22.208
24.039
30.692
36.687
36.195
35.893
24.969
29.761
28.980
35.722
32.658
29.591
38.819
47.911
40.661
44.179
36.092
29.532
32.157
39.508
37.611
40.605
40.646
39.112
39.589
48.758
48.661
45.002
44.368
42.999
41.843
45.079
42.219
41.861
42.495
45.069
55.191
40.226
35.725
35.089
31.114
31.579
38.176
35.835
40.903
41.309
39.185
48.641
56.037
36.853
28.522
41.119
40.470
32.314
40.261
41.843
41.669
32.130
35.768
45.045
46.283
44.845
28.545
28.004
34.187
37.645
30.587
50.780
40.815
40.655
21.489
29.063
58.806
58.263
31.759
51.375
55.584
43.047
37.790
42.444
37.388
35.691
38.279
44.628
46.148
38.130
26.677
34.826
33.985
29.357
26.433
30.953
36.450
45.442
35.824
37.421
25.056
32.496
26.480
57.978
60.080
56.842
45.628
56.142
60.665
42.985
44.469
64.505
61.038
40.887
28.738
52.923
45.664
34.229
42.731
63.333
57.226
37.388
35.767
23.234
20.975
25.329
28.698
34.861
28.662
30.254
32.879
34.597
31.217
54.639
35.481
33.850
50.877
45.789
35.249
48.863
49.146
37.832
50.924
44.180
34.443
21.271
34.035
37.371
35.640
37.196
35.597
33.560
50.560
45.398
39.683
38.298
49.646
55.081
48.306
62.614
71.776
50.984
52.004
45.908
43.871
42.865
34.482
36.824
44.260
43.369
47.213
63.388
63.365
52.831
40.882
41.854
56.828
49.129
43.902
58.413
61.254
62.002
58.026
58.504
41.591
39.538
59.594
47.608
43.124
58.903
60.534
46.709
34.595
41.365
53.358
65.552
61.891
54.185
32.246
45.460
58.193
56.716
45.888
51.428
61.077
62.348
64.525
40.598
37.727
37.683
38.568
51.904
41.507
58.608
53.424
63.041
