1113.310	 22	 184	 
1144.652	 21	 190	 
1132.340	 21	 189	 
1062.396	 21	 189	 
1056.354	 22	 190	 
1075.653	 22	 186	 
1114.953	 22	 185	 
1168.504	 22	 188	 
1170.176	 22	 188	 
1125.617	 21	 188	 
1102.557	 22	 185	 
1139.617	 22	 186	 
1164.615	 21	 187	 
1162.869	 22	 186	 
1068.019	 21	 191	 
1098.209	 21	 194	 
1089.610	 21	 194	 
1114.791	 21	 195	 
1051.217	 21	 192	 
1025.849	 21	 190	 
1034.504	 21	 188	 
978.845	 21	 193	 
1040.363	 20	 194	 
1052.947	 20	 194	 
939.890	 20	 195	 
1027.417	 21	 192	 
1127.088	 21	 190	 
1086.107	 22	 186	 
945.684	 22	 187	 
912.167	 21	 191	 
937.540	 22	 185	 
997.435	 21	 195	 
1117.393	 21	 194	 
1065.571	 20	 194	 
1003.696	 21	 193	 
1032.443	 20	 198	 
1083.481	 21	 196	 
1095.892	 21	 196	 
1067.013	 20	 198	 
1073.228	 21	 196	 
1072.175	 21	 195	 
991.628	 22	 192	 
928.089	 22	 191	 
944.277	 21	 193	 
956.082	 20	 199	 
969.782	 20	 196	 
901.020	 21	 192	 
818.215	 21	 197	 
818.181	 21	 193	 
859.654	 21	 191	 
880.858	 20	 196	 
1071.624	 20	 196	 
1012.167	 21	 193	 
997.616	 21	 194	 
977.918	 21	 193	 
941.538	 21	 198	 
872.945	 22	 190	 
915.741	 21	 187	 
986.203	 21	 191	 
1056.846	 20	 195	 
1012.464	 21	 190	 
998.435	 21	 190	 
1086.497	 20	 193	 
1140.405	 21	 191	 
1141.070	 21	 192	 
1054.304	 21	 192	 
976.202	 22	 190	 
902.290	 21	 195	 
956.955	 20	 199	 
932.933	 21	 193	 
947.748	 21	 196	 
1039.503	 21	 192	 
1043.563	 21	 193	 
1060.400	 21	 191	 
968.945	 22	 186	 
839.200	 21	 194	 
981.789	 20	 198	 
1042.324	 21	 197	 
1150.228	 20	 197	 
1101.783	 21	 193	 
1078.622	 21	 194	 
1047.850	 21	 196	 
989.171	 21	 195	 
953.003	 22	 185	 
951.326	 22	 181	 
885.410	 22	 192	 
868.069	 22	 187	 
873.481	 23	 174	 
872.562	 23	 171	 
857.258	 23	 172	 
907.058	 22	 184	 
972.037	 23	 177	 
1009.275	 21	 193	 
1021.085	 21	 192	 
944.205	 23	 169	 
912.452	 23	 170	 
912.401	 23	 171	 
988.514	 23	 172	 
1019.811	 23	 172	 
1014.681	 23	 172	 
1017.915	 23	 170	 
1090.605	 23	 170	 
1101.288	 23	 170	 
1133.839	 23	 170	 
1171.760	 22	 169	 
1194.446	 23	 168	 
1195.708	 23	 166	 
1134.652	 23	 164	 
998.213	 23	 161	 
961.382	 22	 185	 
963.289	 21	 197	 
1013.209	 23	 162	 
1059.973	 23	 163	 
1071.515	 23	 165	 
1007.195	 23	 168	 
1053.243	 23	 168	 
1103.107	 23	 165	 
1098.789	 23	 163	 
1057.542	 23	 164	 
1125.269	 23	 166	 
1213.433	 23	 167	 
1199.913	 23	 171	 
1190.383	 22	 173	 
1262.758	 22	 173	 
1303.290	 23	 171	 
1249.094	 23	 169	 
1257.965	 22	 168	 
1263.513	 23	 166	 
1218.529	 23	 164	 
1242.740	 23	 168	 
1363.903	 23	 165	 
1405.836	 23	 164	 
1376.605	 23	 164	 
1398.001	 23	 167	 
1465.178	 22	 166	 
1547.825	 23	 164	 
1493.022	 23	 164	 
1425.667	 23	 163	 
1472.590	 23	 165	 
1510.966	 23	 165	 
1499.105	 23	 164	 
1502.268	 23	 165	 
1504.579	 23	 166	 
1439.481	 23	 166	 
1380.844	 23	 170	 
1378.109	 23	 170	 
1391.702	 23	 168	 
1350.657	 23	 166	 
1395.287	 23	 167	 
1493.880	 23	 168	 
1543.201	 23	 167	 
1560.495	 23	 167	 
1581.952	 23	 166	 
1538.706	 22	 165	 
1532.089	 23	 165	 
1555.409	 22	 163	 
1563.932	 22	 163	 
1633.054	 22	 162	 
1531.246	 22	 163	 
1416.658	 23	 164	 
1325.166	 22	 166	 
1360.399	 22	 166	 
1396.641	 22	 168	 
1419.522	 22	 167	 
1436.783	 22	 167	 
1454.786	 22	 168	 
1471.184	 22	 169	 
1536.303	 22	 168	 
1562.223	 22	 167	 
1502.935	 23	 168	 
1459.107	 23	 166	 
1457.634	 23	 168	 
1454.371	 23	 168	 
1395.483	 22	 167	 
1451.513	 22	 166	 
1481.442	 22	 167	 
1602.929	 22	 168	 
1604.194	 22	 168	 
1639.446	 22	 168	 
1751.570	 22	 169	 
1786.952	 22	 170	 
1725.634	 22	 169	 
1651.852	 22	 167	 
1631.392	 22	 168	 
1631.145	 22	 167	 
1678.220	 22	 168	 
1699.342	 22	 168	 
1679.065	 22	 170	 
1541.485	 22	 169	 
1536.035	 22	 169	 
1583.182	 22	 168	 
1626.657	 22	 168	 
1676.712	 22	 172	 
1766.714	 22	 172	 
1768.489	 22	 173	 
1796.611	 22	 173	 
1793.363	 22	 171	 
1689.239	 22	 171	 
1594.469	 22	 171	 
1558.317	 22	 168	 
1626.771	 22	 170	 
1715.722	 22	 172	 
1749.130	 22	 172	 
1641.715	 22	 172	 
1594.235	 22	 172	 
1649.426	 22	 176	 
1720.537	 22	 173	 
1736.001	 22	 171	 
1521.669	 22	 171	 
1453.551	 22	 172	 
1443.531	 22	 173	 
1468.623	 23	 170	 
1417.087	 22	 171	 
1419.261	 22	 172	 
1518.483	 22	 169	 
1528.627	 22	 168	 
1452.566	 22	 167	 
1446.131	 22	 169	 
1558.064	 22	 171	 
1545.557	 22	 171	 
1515.391	 22	 172	 
1524.087	 22	 172	 
1479.930	 22	 168	 
1479.071	 22	 167	 
1423.795	 22	 167	 
1418.243	 22	 167	 
1441.938	 22	 169	 
1418.322	 22	 171	 
1356.858	 22	 170	 
1399.679	 22	 170	 
1482.055	 22	 168	 
1525.201	 22	 169	 
1512.282	 22	 168	 
1526.008	 22	 168	 
1488.296	 22	 167	 
1499.538	 22	 165	 
1584.476	 22	 165	 
1498.911	 22	 165	 
1454.099	 22	 166	 
1381.770	 22	 165	 
1421.007	 22	 166	 
1520.785	 22	 168	 
1690.593	 22	 168	 
1598.632	 22	 166	 
1392.058	 22	 166	 
1348.701	 22	 171	 
1315.113	 22	 169	 
1185.077	 22	 171	 
1246.230	 22	 171	 
1324.916	 22	 170	 
1448.922	 22	 169	 
1408.925	 22	 165	 
1435.270	 22	 165	 
1462.640	 22	 164	 
1355.747	 22	 165	 
1274.826	 22	 168	 
1309.648	 22	 175	 
1397.999	 22	 170	 
1405.969	 22	 170	 
1459.207	 22	 168	 
1555.152	 22	 169	 
1511.093	 22	 169	 
1500.505	 22	 169	 
1499.738	 22	 169	 
1432.405	 21	 171	 
1477.451	 21	 172	 
1461.025	 22	 171	 
1407.767	 22	 172	 
1358.254	 22	 171	 
1366.229	 22	 170	 
1343.140	 22	 168	 
1303.208	 22	 170	 
1342.251	 22	 169	 
1287.397	 22	 165	 
1258.490	 22	 165	 
1267.390	 22	 165	 
1154.713	 22	 163	 
1088.817	 22	 167	 
1127.963	 22	 165	 
1144.757	 22	 168	 
1238.705	 22	 169	 
1310.505	 22	 165	 
1352.697	 23	 164	 
1337.835	 22	 163	 
1290.805	 22	 164	 
1245.820	 22	 166	 
1214.853	 22	 165	 
1201.425	 22	 164	 
1202.753	 22	 163	 
1213.642	 22	 164	 
1161.804	 22	 164	 
1037.279	 23	 168	 
1118.185	 22	 173	 
1128.878	 22	 172	 
1081.258	 22	 171	 
1045.712	 22	 179	 
1100.874	 21	 185	 
1106.399	 23	 168	 
1143.305	 23	 166	 
1206.688	 22	 167	 
1209.438	 23	 164	 
1278.452	 22	 163	 
1271.159	 22	 163	 
1217.872	 23	 162	 
1134.644	 22	 170	 
1156.129	 22	 171	 
1163.962	 22	 173	 
1167.193	 22	 171	 
1177.254	 22	 173	 
1185.389	 22	 172	 
1176.391	 23	 165	 
1227.913	 23	 163	 
1177.236	 23	 162	 
1191.748	 22	 168	 
1216.886	 22	 165	 
1186.071	 22	 165	 
1104.334	 23	 165	 
1049.186	 23	 165	 
1072.749	 22	 166	 
1015.556	 22	 164	 
993.578	 23	 163	 
977.065	 22	 163	 
945.664	 23	 165	 
1056.507	 22	 167	 
1155.165	 22	 168	 
1165.644	 22	 168	 
1001.730	 22	 167	 
906.778	 23	 167	 
825.909	 20	 199	 
858.176	 23	 168	 
898.514	 22	 165	 
996.831	 22	 166	 
1041.918	 22	 168	 
1077.273	 23	 168	 
1063.121	 23	 167	 
1020.402	 23	 168	 
924.138	 22	 169	 
917.850	 20	 198	 
982.510	 23	 167	 
1045.385	 22	 166	 
988.254	 22	 166	 
1025.698	 20	 199	 
1001.888	 20	 198	 
1062.665	 20	 198	 
1097.018	 22	 162	 
1043.232	 22	 164	 
998.688	 22	 164	 
943.039	 22	 164	 
952.001	 23	 165	 
945.092	 23	 166	 
912.203	 20	 199	 
941.094	 23	 171	 
943.995	 23	 172	 
957.587	 23	 171	 
974.998	 23	 169	 
1003.725	 22	 174	 
981.040	 23	 173	 
1002.033	 23	 170	 
993.293	 23	 172	 
974.643	 23	 171	 
961.163	 23	 177	 
1018.794	 23	 171	 
1037.192	 23	 172	 
1074.866	 23	 173	 
1052.482	 23	 172	 
