846.652	 21	 199	 
865.946	 20	 199	 
837.607	 20	 197	 
904.996	 21	 197	 
1045.570	 20	 198	 
972.108	 21	 198	 
843.862	 23	 176	 
889.413	 20	 199	 
854.054	 21	 191	 
912.498	 22	 189	 
1015.344	 21	 190	 
947.199	 21	 190	 
918.864	 22	 188	 
809.475	 23	 174	 
917.102	 23	 173	 
909.870	 23	 172	 
904.352	 20	 199	 
898.390	 22	 177	 
927.383	 23	 176	 
898.129	 23	 175	 
961.515	 23	 178	 
959.222	 22	 177	 
914.074	 23	 176	 
887.024	 23	 176	 
878.770	 23	 176	 
890.708	 20	 197	 
945.719	 23	 180	 
1018.042	 23	 180	 
980.093	 23	 184	 
977.006	 23	 183	 
903.229	 23	 182	 
862.730	 22	 187	 
934.541	 22	 190	 
1026.970	 22	 191	 
1023.131	 21	 193	 
1011.726	 21	 193	 
1075.092	 21	 191	 
1086.788	 22	 189	 
1093.827	 22	 187	 
1101.206	 22	 187	 
1092.571	 22	 184	 
1128.823	 23	 184	 
1103.327	 23	 184	 
1058.073	 22	 186	 
929.645	 22	 186	 
948.450	 22	 187	 
1060.579	 22	 184	 
1091.581	 22	 184	 
1092.061	 23	 183	 
1103.775	 22	 190	 
1128.268	 23	 188	 
1090.238	 23	 187	 
1113.563	 22	 189	 
1127.140	 22	 188	 
1168.346	 22	 188	 
1184.378	 22	 188	 
1191.102	 22	 188	 
1044.842	 22	 184	 
900.149	 22	 182	 
916.438	 20	 198	 
915.343	 21	 199	 
904.187	 21	 198	 
843.976	 21	 196	 
854.892	 21	 194	 
883.198	 21	 198	 
817.096	 20	 199	 
861.081	 21	 199	 
810.656	 21	 199	 
777.551	 23	 181	 
817.950	 23	 174	 
931.364	 22	 171	 
963.032	 23	 171	 
993.596	 22	 171	 
963.017	 23	 169	 
936.940	 23	 171	 
935.418	 20	 199	 
913.860	 23	 170	 
985.545	 23	 172	 
1027.904	 23	 172	 
1068.857	 22	 172	 
1067.280	 23	 171	 
973.987	 23	 170	 
919.272	 23	 170	 
924.146	 23	 168	 
920.092	 23	 166	 
1005.057	 23	 167	 
991.833	 23	 166	 
957.792	 23	 174	 
1029.533	 21	 186	 
1001.717	 21	 186	 
952.436	 21	 191	 
1043.384	 21	 191	 
948.372	 21	 194	 
949.656	 23	 177	 
919.738	 23	 177	 
942.897	 23	 170	 
987.721	 23	 164	 
988.022	 22	 163	 
951.580	 23	 172	 
965.057	 23	 166	 
1004.528	 23	 167	 
1084.663	 22	 169	 
1151.445	 23	 168	 
1184.413	 23	 166	 
1184.362	 23	 163	 
1162.658	 23	 162	 
1099.402	 22	 163	 
1071.049	 23	 165	 
1144.122	 23	 169	 
1170.090	 22	 169	 
1183.489	 22	 168	 
1132.864	 22	 167	 
1127.354	 23	 169	 
1097.798	 23	 167	 
1080.100	 23	 164	 
1108.821	 23	 165	 
1125.897	 23	 165	 
1163.010	 23	 165	 
1215.333	 23	 166	 
1235.718	 23	 164	 
1249.138	 23	 167	 
1280.643	 23	 166	 
1353.227	 23	 165	 
1338.128	 23	 167	 
1269.190	 23	 168	 
1307.872	 23	 164	 
1353.991	 23	 165	 
1367.458	 23	 165	 
1386.605	 23	 166	 
1393.432	 23	 166	 
1431.006	 23	 165	 
1472.945	 23	 166	 
1469.549	 23	 166	 
1471.480	 23	 165	 
1434.761	 22	 163	 
1371.742	 22	 161	 
1389.515	 23	 163	 
1490.253	 22	 167	 
1485.613	 22	 166	 
1370.636	 22	 167	 
1438.217	 22	 169	 
1536.968	 22	 169	 
1559.912	 22	 168	 
1536.950	 23	 167	 
1523.799	 23	 168	 
1500.340	 23	 168	 
1540.448	 23	 168	 
1539.930	 23	 165	 
1555.453	 22	 165	 
1501.311	 22	 167	 
1514.498	 22	 169	 
1501.454	 22	 169	 
1472.858	 23	 168	 
1429.549	 23	 166	 
1436.124	 23	 167	 
1527.761	 23	 166	 
1526.494	 23	 164	 
1506.554	 23	 166	 
1576.217	 23	 165	 
1618.178	 22	 166	 
1550.310	 22	 165	 
1499.426	 23	 166	 
1566.357	 22	 166	 
1669.359	 22	 164	 
1727.261	 22	 164	 
1759.164	 22	 165	 
1667.691	 22	 164	 
1511.263	 23	 164	 
1454.788	 22	 167	 
1512.404	 22	 168	 
1588.559	 22	 168	 
1566.892	 22	 169	 
1555.505	 22	 170	 
1546.204	 22	 172	 
1640.201	 22	 171	 
1669.759	 22	 171	 
1624.008	 22	 170	 
1636.425	 22	 167	 
1742.062	 22	 167	 
1779.501	 22	 168	 
1690.231	 22	 169	 
1684.815	 22	 170	 
1774.620	 22	 170	 
1824.610	 22	 170	 
1804.086	 22	 168	 
1817.696	 22	 167	 
1804.704	 22	 167	 
1670.869	 22	 168	 
1696.514	 22	 170	 
1752.990	 22	 170	 
1698.825	 22	 169	 
1683.484	 22	 169	 
1632.996	 22	 171	 
1653.713	 22	 169	 
1763.470	 22	 167	 
1764.815	 22	 167	 
1725.989	 22	 167	 
1567.590	 23	 168	 
1490.961	 22	 172	 
1536.018	 22	 172	 
1555.076	 22	 169	 
1534.339	 22	 170	 
1556.758	 22	 173	 
1607.131	 22	 173	 
1592.736	 22	 172	 
1550.472	 22	 173	 
1506.564	 22	 172	 
1427.181	 22	 167	 
1418.581	 22	 169	 
1557.191	 22	 171	 
1612.076	 22	 169	 
1625.702	 22	 168	 
1478.378	 22	 169	 
1452.669	 22	 169	 
1372.859	 22	 169	 
1298.846	 22	 169	 
1336.148	 22	 172	 
1368.145	 22	 171	 
1414.445	 22	 170	 
1431.871	 22	 167	 
1495.563	 22	 168	 
1568.595	 21	 168	 
1487.225	 21	 168	 
1488.255	 21	 168	 
1509.039	 21	 167	 
1427.301	 21	 167	 
1416.944	 21	 168	 
1348.010	 22	 169	 
1263.045	 22	 166	 
1264.642	 22	 168	 
1296.557	 22	 172	 
1356.163	 21	 176	 
1413.842	 21	 175	 
1536.130	 21	 172	 
1548.027	 22	 170	 
1503.522	 21	 168	 
1439.207	 21	 168	 
1435.865	 21	 168	 
1493.206	 21	 168	 
1502.677	 21	 169	 
1485.992	 21	 168	 
1510.053	 21	 167	 
1491.927	 21	 167	 
1542.063	 21	 167	 
1529.888	 21	 167	 
1540.107	 21	 166	 
1606.048	 21	 165	 
1563.524	 21	 165	 
1508.161	 21	 166	 
1397.458	 21	 168	 
1461.926	 21	 171	 
1562.623	 21	 172	 
1464.241	 21	 170	 
1475.902	 22	 168	 
1385.164	 22	 167	 
1314.112	 22	 170	 
1335.717	 21	 172	 
1324.501	 22	 167	 
1337.770	 23	 165	 
1302.375	 22	 164	 
1322.427	 22	 165	 
1337.196	 22	 165	 
1311.634	 22	 164	 
1358.082	 22	 165	 
1401.233	 22	 164	 
1455.054	 22	 165	 
1528.829	 22	 164	 
1583.865	 22	 164	 
1560.726	 22	 164	 
1492.197	 22	 166	 
1427.756	 22	 165	 
1492.962	 22	 165	 
1558.362	 22	 163	 
1470.544	 22	 162	 
1374.058	 22	 166	 
1485.225	 22	 166	 
1442.470	 22	 165	 
1444.992	 22	 167	 
1486.407	 22	 167	 
1477.302	 22	 168	 
1515.243	 22	 167	 
1540.019	 21	 166	 
1478.372	 21	 164	 
1299.778	 22	 164	 
1166.774	 22	 165	 
1110.494	 22	 178	 
1175.236	 22	 171	 
1123.790	 22	 164	 
1051.398	 22	 172	 
1040.252	 22	 173	 
1032.569	 22	 168	 
1071.517	 22	 168	 
988.671	 22	 166	 
961.277	 22	 168	 
1068.991	 22	 168	 
1091.756	 22	 168	 
1135.421	 22	 167	 
1181.351	 22	 169	 
1253.030	 21	 171	 
1222.942	 22	 168	 
1191.971	 22	 169	 
1156.481	 22	 171	 
1203.610	 22	 169	 
1243.858	 22	 169	 
1225.300	 22	 167	 
1129.380	 22	 167	 
1155.236	 22	 167	 
1194.267	 22	 166	 
1156.323	 22	 166	 
1173.149	 22	 166	 
1212.884	 22	 167	 
1130.413	 22	 168	 
1157.660	 22	 166	 
1143.271	 22	 167	 
1192.974	 22	 170	 
1202.000	 22	 167	 
1158.932	 23	 166	 
1114.274	 23	 166	 
1079.699	 23	 165	 
1067.530	 21	 183	 
1034.794	 23	 166	 
1063.483	 22	 170	 
1096.006	 22	 172	 
1089.975	 23	 167	 
1051.688	 23	 166	 
1017.214	 21	 183	 
1045.655	 21	 184	 
1023.226	 21	 183	 
971.198	 23	 171	 
1010.653	 21	 187	 
1078.131	 20	 190	 
1078.959	 21	 186	 
1081.914	 20	 185	 
1037.579	 21	 185	 
1032.444	 20	 186	 
1057.916	 23	 172	 
1048.303	 21	 186	 
1017.290	 21	 186	 
1020.095	 21	 185	 
1097.995	 21	 186	 
1107.206	 21	 186	 
969.357	 21	 188	 
946.147	 20	 190	 
933.480	 21	 189	 
1010.913	 20	 191	 
1067.348	 21	 190	 
1048.259	 21	 191	 
946.080	 21	 195	 
866.146	 22	 159	 
862.839	 23	 175	 
869.019	 23	 162	 
914.748	 22	 162	 
942.968	 23	 164	 
953.667	 23	 166	 
982.870	 23	 165	 
1042.038	 23	 165	 
984.440	 23	 163	 
985.658	 21	 182	 
1004.752	 23	 174	 
1031.485	 23	 175	 
1077.022	 22	 181	 
1088.885	 22	 181	 
1057.195	 22	 181	 
1022.713	 23	 177	 
1011.109	 22	 177	 
