996.073	 22	 187	 
1093.789	 21	 190	 
1089.639	 21	 191	 
986.127	 22	 187	 
926.286	 22	 183	 
959.996	 22	 180	 
975.504	 22	 181	 
947.674	 22	 179	 
826.032	 22	 179	 
905.739	 20	 196	 
1028.273	 20	 195	 
1113.522	 20	 194	 
1115.713	 20	 193	 
1057.799	 21	 191	 
1040.488	 23	 180	 
1008.598	 22	 185	 
1032.578	 21	 192	 
1021.950	 20	 194	 
990.665	 20	 194	 
998.808	 20	 193	 
986.504	 21	 191	 
932.037	 21	 192	 
1029.519	 21	 192	 
965.565	 20	 196	 
972.774	 20	 197	 
857.489	 21	 190	 
942.236	 21	 188	 
929.624	 21	 187	 
840.207	 21	 190	 
766.595	 21	 199	 
766.780	 21	 199	 
818.243	 21	 199	 
941.374	 20	 199	 
998.938	 20	 197	 
949.805	 20	 196	 
916.265	 20	 197	 
891.515	 20	 199	 
901.905	 20	 199	 
879.795	 20	 199	 
871.950	 20	 199	 
848.267	 20	 199	 
855.932	 20	 199	 
755.393	 20	 197	 
772.325	 20	 199	 
789.598	 20	 199	 
850.602	 20	 199	 
843.979	 22	 180	 
842.970	 21	 195	 
935.068	 21	 191	 
949.591	 20	 192	 
989.647	 20	 196	 
878.938	 20	 197	 
834.194	 20	 199	 
858.998	 20	 199	 
745.714	 23	 171	 
758.275	 23	 172	 
797.413	 22	 173	 
760.931	 22	 173	 
856.215	 22	 178	 
877.577	 22	 178	 
864.029	 22	 179	 
870.465	 22	 181	 
924.580	 22	 180	 
927.632	 22	 178	 
962.797	 22	 180	 
961.157	 22	 180	 
919.866	 22	 184	 
896.515	 22	 184	 
881.551	 22	 185	 
932.017	 20	 199	 
904.676	 21	 194	 
978.399	 21	 194	 
930.051	 21	 194	 
890.995	 21	 197	 
856.960	 21	 199	 
938.267	 21	 199	 
1034.490	 20	 199	 
1055.420	 20	 199	 
970.062	 20	 199	 
973.126	 20	 198	 
918.261	 22	 174	 
843.849	 22	 175	 
849.201	 21	 199	 
855.271	 21	 199	 
863.072	 21	 199	 
926.206	 21	 199	 
801.131	 21	 199	 
812.489	 21	 199	 
844.421	 22	 174	 
818.060	 20	 199	 
819.224	 22	 177	 
900.470	 22	 174	 
928.992	 22	 171	 
905.098	 22	 170	 
923.018	 23	 168	 
969.898	 21	 180	 
1042.097	 21	 181	 
1004.493	 23	 174	 
1043.948	 23	 170	 
1090.093	 22	 170	 
1139.999	 22	 170	 
1140.720	 23	 166	 
1146.487	 23	 166	 
1140.106	 23	 166	 
1112.051	 23	 169	 
1008.440	 23	 166	 
980.582	 23	 170	 
1028.913	 23	 171	 
995.956	 23	 167	 
958.460	 23	 170	 
1027.876	 23	 172	 
1053.079	 23	 173	 
1028.065	 23	 170	 
1058.476	 23	 169	 
1145.387	 23	 169	 
1154.047	 23	 167	 
1140.834	 23	 166	 
1149.144	 23	 166	 
1171.455	 21	 184	 
1196.475	 23	 167	 
1204.887	 23	 167	 
1239.152	 23	 166	 
1298.081	 23	 166	 
1283.138	 23	 163	 
1217.631	 23	 161	 
1210.852	 23	 169	 
1276.278	 23	 169	 
1306.453	 23	 166	 
1385.941	 23	 165	 
1404.237	 22	 162	 
1373.993	 22	 161	 
1314.493	 22	 161	 
1302.742	 23	 164	 
1340.985	 23	 168	 
1437.420	 23	 167	 
1457.992	 23	 165	 
1405.892	 23	 165	 
1376.093	 23	 164	 
1331.067	 23	 164	 
1338.122	 23	 166	 
1362.760	 23	 166	 
1270.549	 23	 164	 
1092.287	 23	 161	 
1061.193	 21	 191	 
1145.872	 22	 183	 
1241.158	 22	 179	 
1207.574	 23	 176	 
1128.321	 23	 171	 
1169.162	 23	 163	 
1202.622	 22	 162	 
1173.154	 22	 161	 
1216.515	 23	 168	 
1328.299	 23	 167	 
1394.343	 22	 164	 
1458.434	 22	 162	 
1338.614	 22	 162	 
1408.374	 22	 171	 
1470.262	 22	 171	 
1521.013	 23	 172	 
1490.591	 23	 171	 
1464.648	 22	 169	 
1394.376	 22	 167	 
1362.279	 23	 165	 
1318.236	 23	 165	 
1288.597	 23	 167	 
1314.256	 23	 166	 
1383.271	 22	 167	 
1392.599	 22	 165	 
1408.480	 22	 168	 
1432.967	 22	 168	 
1419.333	 22	 166	 
1429.883	 22	 166	 
1477.572	 22	 167	 
1436.342	 22	 169	 
1355.202	 22	 168	 
1308.918	 23	 168	 
1379.608	 22	 166	 
1404.722	 22	 164	 
1365.136	 22	 166	 
1454.729	 22	 166	 
1563.583	 22	 165	 
1586.479	 22	 165	 
1615.680	 22	 165	 
1679.930	 22	 166	 
1641.442	 22	 167	 
1645.561	 22	 167	 
1644.462	 22	 166	 
1722.675	 22	 166	 
1726.070	 21	 165	 
1704.882	 22	 166	 
1747.165	 22	 166	 
1755.078	 22	 166	 
1756.825	 22	 167	 
1759.962	 22	 167	 
1693.842	 22	 166	 
1645.305	 22	 167	 
1700.476	 22	 168	 
1724.598	 22	 167	 
1661.085	 22	 168	 
1596.960	 22	 170	 
1594.654	 22	 171	 
1557.375	 22	 168	 
1528.161	 22	 168	 
1481.383	 22	 171	 
1542.711	 22	 173	 
1581.695	 22	 173	 
1516.897	 22	 172	 
1440.373	 22	 172	 
1461.690	 22	 172	 
1553.796	 22	 171	 
1516.314	 21	 169	 
1469.790	 21	 171	 
1448.491	 22	 174	 
1435.164	 22	 175	 
1375.645	 22	 173	 
1387.097	 22	 171	 
1396.843	 22	 170	 
1435.807	 22	 170	 
1438.214	 22	 169	 
1383.612	 22	 168	 
1395.015	 22	 168	 
1467.250	 22	 169	 
1561.110	 22	 168	 
1579.789	 21	 168	 
1600.599	 21	 168	 
1549.635	 21	 168	 
1499.548	 22	 169	 
1462.120	 21	 166	 
1448.778	 21	 165	 
1398.179	 21	 165	 
1357.821	 22	 166	 
1375.025	 22	 169	 
1553.711	 22	 170	 
1667.627	 21	 169	 
1740.924	 21	 170	 
1615.070	 22	 168	 
1580.020	 22	 168	 
1559.202	 22	 169	 
1491.247	 22	 170	 
1586.367	 22	 169	 
1655.236	 22	 168	 
1704.221	 22	 166	 
1623.898	 22	 167	 
1505.697	 22	 169	 
1484.060	 22	 168	 
1567.430	 22	 166	 
1574.052	 22	 165	 
1553.894	 22	 167	 
1525.641	 21	 169	 
1505.359	 22	 169	 
1543.491	 21	 168	 
1509.020	 22	 168	 
1433.449	 21	 169	 
1478.507	 21	 168	 
1405.111	 22	 166	 
1243.603	 22	 166	 
1261.103	 21	 170	 
1331.661	 21	 170	 
1420.154	 22	 171	 
1474.151	 22	 169	 
1457.559	 22	 168	 
1424.581	 22	 168	 
1351.643	 22	 166	 
1353.238	 22	 166	 
1351.233	 22	 168	 
1348.924	 22	 167	 
1360.762	 22	 166	 
1427.873	 22	 166	 
1416.006	 22	 165	 
1311.932	 22	 166	 
1249.597	 22	 165	 
1161.069	 22	 164	 
1152.218	 22	 163	 
1174.993	 22	 164	 
1234.114	 22	 166	 
1306.102	 22	 167	 
1362.384	 22	 165	 
1306.895	 22	 165	 
1207.069	 22	 164	 
1143.636	 22	 163	 
1066.561	 22	 180	 
1105.755	 22	 168	 
1222.538	 22	 167	 
1220.809	 22	 164	 
1190.352	 22	 164	 
1230.890	 22	 168	 
1263.313	 22	 165	 
1329.688	 22	 164	 
1351.386	 22	 165	 
1401.588	 22	 166	 
1477.506	 22	 165	 
1399.400	 22	 165	 
1294.433	 22	 165	 
1274.307	 22	 165	 
1323.218	 22	 165	 
1276.853	 22	 165	 
1233.533	 22	 164	 
1200.818	 22	 164	 
1116.649	 22	 162	 
1098.438	 22	 169	 
1135.110	 22	 169	 
1120.025	 22	 171	 
1171.588	 22	 171	 
1187.305	 22	 173	 
1231.841	 22	 174	 
1278.811	 22	 169	 
1228.158	 22	 171	 
1132.377	 23	 169	 
1105.360	 22	 176	 
1095.404	 22	 168	 
1124.197	 22	 167	 
1063.127	 22	 166	 
1035.736	 22	 176	 
1025.271	 22	 173	 
1001.338	 22	 171	 
961.942	 22	 170	 
911.919	 22	 174	 
902.542	 21	 190	 
923.970	 21	 189	 
892.527	 22	 182	 
931.150	 22	 177	 
952.898	 22	 170	 
941.411	 22	 169	 
1004.066	 22	 170	 
933.768	 22	 171	 
996.591	 22	 171	 
1021.524	 22	 170	 
1001.520	 22	 166	 
1019.563	 22	 165	 
947.384	 22	 167	 
935.997	 20	 199	 
1014.798	 20	 198	 
967.598	 20	 199	 
945.744	 20	 194	 
974.217	 21	 191	 
942.501	 21	 194	 
883.912	 22	 189	 
948.328	 21	 190	 
880.333	 21	 199	 
912.905	 21	 199	 
816.762	 21	 199	 
888.448	 23	 161	 
898.688	 23	 164	 
952.755	 22	 168	 
984.871	 22	 172	 
1059.532	 22	 172	 
1045.702	 22	 173	 
997.121	 22	 175	 
979.840	 22	 179	 
1022.586	 22	 181	 
999.136	 22	 181	 
1006.248	 22	 183	 
1009.495	 22	 182	 
1025.166	 23	 178	 
1073.002	 22	 186	 
1138.701	 21	 186	 
1127.784	 22	 183	 
1013.703	 23	 180	 
994.833	 22	 188	 
1093.747	 21	 191	 
1156.003	 21	 190	 
1092.079	 21	 190	 
1095.786	 21	 189	 
956.459	 21	 188	 
844.941	 22	 185	 
